1392972514822,66.20,72.3
1392972515050,NaN,AM2315
1392972515084,66.20,72.3
1392972515391,NaN,AM2315
1392972515585,66.02,76.3
1392972515715,NaN,AM2315
1392972515792,NaN,AM2315
1392972515881,NaN,AM2315
1392972516242,NaN,AM2315
1392972516456,NaN,AM2315
1392972516553,NaN,AM2315
1392972517031,NaN,AM2315
1392972517115,NaN,AM2315
1392972517173,NaN,AM2315
1392972517535,NaN,AM2315
1392972517593,NaN,AM2315
1392972517721,NaN,AM2315
1392972517803,NaN,AM2315
1392972518302,64.40,75.7
1392972518692,NaN,AM2315
1392972518926,NaN,AM2315
1392972519041,NaN,AM2315
1392972519318,64.40,75.8
1392972519823,NaN,AM2315
1392972520226,64.40,75.7
1392972520700,64.40,75.7
1392972520888,NaN,AM2315
1392972521191,64.58,75.8
1392972521466,64.58,75.8
1392972522739,78.98,80
1392972523278,64.58,75.9
1392972523494,NaN,AM2315
1392972523583,78.98,80
1392972523893,NaN,AM2315
1392972524081,NaN,AM2315
1392972524506,NaN,AM2315
1392972524535,64.58,75.8
1392972524768,NaN,AM2315
1392972525096,64.58,75.8
1392972525361,NaN,AM2315
1392972525627,NaN,AM2315
1392972525708,NaN,AM2315
1392972526274,NaN,AM2315
1392972526777,NaN,AM2315
1392972526890,NaN,AM2315
1392972527667,NaN,AM2315
1392972528301,NaN,AM2315
1392972528664,64.58,75.8
1392972528844,NaN,AM2315
1392972528911,NaN,AM2315
1392972528952,64.58,75.9
1392972529149,NaN,AM2315
1392972529199,64.58,75.8
1392972530246,NaN,AM2315
1392972531070,64.58,75.8
1392972531112,NaN,AM2315
1392972531367,64.58,75.8
1392972531400,NaN,AM2315
1392972531470,64.58,75.9
1392972531633,NaN,AM2315
1392972532840,NaN,AM2315
1392972533608,NaN,AM2315
1392972533687,NaN,AM2315
1392972533928,NaN,AM2315
1392972533986,NaN,AM2315
1392972534073,NaN,AM2315
1392972534215,NaN,AM2315
1392972536212,NaN,AM2315
1392972536710,64.58,75.9
1392972537217,64.58,75.9
1392972537301,NaN,AM2315
1392972537544,64.58,75.9
1392972537689,NaN,AM2315
1392972537835,64.58,75.9
1392972538430,64.58,75.9
1392972538787,64.58,75.9
1392972538852,NaN,AM2315
1392972539150,NaN,AM2315
1392972539231,64.58,75.9
1392972541722,NaN,AM2315
1392972542466,NaN,AM2315
1392972542845,NaN,AM2315
1392972542907,NaN,AM2315
1392972542991,NaN,AM2315
1392972543122,64.58,75.9
1392972543164,64.58,75.9
1392972543252,64.58,75.9
1392972543889,NaN,AM2315
1392972544554,NaN,AM2315
1392972544854,64.58,75.9
1392972544916,NaN,AM2315
1392972545065,NaN,AM2315
1392972545127,64.58,75.9
1392972545233,NaN,AM2315
1392972546748,64.58,75.8
1392972547395,64.58,75.9
1392972547602,NaN,AM2315
1392972547814,NaN,AM2315
1392972547923,64.58,75.8
1392972547972,NaN,AM2315
1392972548269,64.58,75.8
1392972548595,NaN,AM2315
1392972549349,NaN,AM2315
1392972549648,NaN,AM2315
1392972549673,NaN,AM2315
1392972549889,64.58,75.9
1392972550007,NaN,AM2315
1392972550651,NaN,AM2315
1392972551845,NaN,AM2315
1392972551930,64.58,75.9
1392972552015,NaN,AM2315
1392972552178,64.58,75.9
1392972553139,64.58,75.8
1392972553975,NaN,AM2315
1392972554252,64.58,75.9
1392972554316,NaN,AM2315
1392972554397,64.58,75.9
1392972554443,NaN,AM2315
1392972554521,NaN,AM2315
1392972554738,NaN,AM2315
1392972555475,64.58,75.8
1392972556514,NaN,AM2315
1392972556569,NaN,AM2315
1392972556643,64.58,75.9
1392972556790,64.58,75.9
1392972556869,NaN,AM2315
1392972556970,NaN,AM2315
1392972558115,NaN,AM2315
1392972558673,64.58,75.8
1392972558922,64.58,75.8
1392972559178,NaN,AM2315
1392972559331,NaN,AM2315
1392972559518,64.58,75.9
1392972561112,NaN,AM2315
1392972561315,64.58,75.9
1392972561609,NaN,AM2315
1392972561651,NaN,AM2315
1392972561695,NaN,AM2315
1392972561937,NaN,AM2315
1392972562149,NaN,AM2315
1392972562686,NaN,AM2315
1392972563584,NaN,AM2315
1392972563944,64.58,75.9
1392972564035,NaN,AM2315
1392972564147,NaN,AM2315
1392972564542,NaN,AM2315
1392972564815,NaN,AM2315
1392972564907,NaN,AM2315
1392972565169,64.58,75.8
1392972566553,NaN,AM2315
1392972566807,NaN,AM2315
1392972566926,NaN,AM2315
1392972567219,64.58,75.8
1392972567446,NaN,AM2315
1392972567721,NaN,AM2315
1392972567850,64.58,75.9
1392972568605,NaN,AM2315
1392972568857,NaN,AM2315
1392972569180,NaN,AM2315
1392972569403,NaN,AM2315
1392972569438,64.76,75.9
1392972569969,NaN,AM2315
1392972570777,NaN,AM2315
1392972570972,NaN,AM2315
1392972571084,64.58,75.8
1392972571459,NaN,AM2315
1392972571538,NaN,AM2315
1392972573351,NaN,AM2315
1392972574156,NaN,AM2315
1392972574188,64.58,75.8
1392972574259,NaN,AM2315
1392972574350,64.58,75.8
1392972574610,NaN,AM2315
1392972574908,64.58,75.8
1392972575223,64.58,75.8
1392972575765,NaN,AM2315
1392972575973,NaN,AM2315
1392972576185,NaN,AM2315
1392972576218,NaN,AM2315
1392972576390,64.58,75.9
1392972578267,NaN,AM2315
1392972579055,64.76,75.8
1392972579192,NaN,AM2315
1392972579429,NaN,AM2315
1392972579577,64.58,75.9
1392972579655,64.58,75.9
1392972579973,32.00,66.1
1392972581181,64.58,75.8
1392972581977,NaN,AM2315
1392972582121,NaN,AM2315
1392972582172,NaN,AM2315
1392972582352,NaN,AM2315
1392972582418,NaN,AM2315
1392972584016,64.76,75.8
1392972584570,NaN,AM2315
1392972584612,NaN,AM2315
1392972584659,64.76,75.8
1392972584947,64.58,76
1392972585040,NaN,AM2315
1392972585202,NaN,AM2315
1392972586544,NaN,AM2315
1392972586967,NaN,AM2315
1392972587000,NaN,AM2315
1392972587043,NaN,AM2315
1392972587127,NaN,AM2315
1392972587339,64.76,75.9
1392972587540,NaN,AM2315
1392972588545,64.76,75.8
1392972589288,64.76,75.8
1392972589556,64.76,75.8
1392972589618,NaN,AM2315
1392972589666,NaN,AM2315
1392972589880,NaN,AM2315
1392972590933,64.76,75.8
1392972592057,NaN,AM2315
1392972592716,NaN,AM2315
1392972592858,64.58,75.8
1392972592991,64.58,75.8
1392972593034,64.58,75.8
1392972593187,NaN,AM2315
1392972593521,NaN,AM2315
1392972594101,NaN,AM2315
1392972594299,64.76,75.8
1392972594629,64.76,75.8
1392972594912,NaN,AM2315
1392972595139,NaN,AM2315
1392972595247,NaN,AM2315
1392972595537,NaN,AM2315
1392972597181,NaN,AM2315
1392972597371,64.76,75.8
1392972597724,64.76,75.8
1392972598290,64.76,75.8
1392972599371,NaN,AM2315
1392972599522,64.76,75.8
1392972600073,NaN,AM2315
1392972600312,NaN,AM2315
1392972600436,NaN,AM2315
1392972600498,64.76,75.8
1392972600654,64.76,75.8
1392972600726,NaN,AM2315
1392972601333,NaN,AM2315
1392972602206,64.76,75.8
1392972602448,NaN,AM2315
1392972602649,NaN,AM2315
1392972604085,NaN,AM2315
1392972604918,NaN,AM2315
1392972604973,64.76,75.8
1392972605225,64.76,75.8
1392972605370,NaN,AM2315
1392972605570,NaN,AM2315
1392972605844,64.76,75.8
1392972606070,NaN,AM2315
1392972606595,NaN,AM2315
1392972606795,64.76,75.9
1392972607399,64.76,75.9
1392972607455,64.76,75.9
1392972607887,NaN,AM2315
1392972608099,NaN,AM2315
1392972608247,NaN,AM2315
1392972608689,64.76,75.8
1392972609090,NaN,AM2315
1392972609442,64.76,75.8
1392972609564,64.76,75.8
1392972609768,NaN,AM2315
1392972610839,NaN,AM2315
1392972611180,64.76,75.8
1392972611932,64.76,75.8
1392972611992,NaN,AM2315
1392972612289,NaN,AM2315
1392972612344,NaN,AM2315
1392972613622,64.76,75.8
1392972614174,NaN,AM2315
1392972614379,NaN,AM2315
1392972614469,NaN,AM2315
1392972614524,NaN,AM2315
1392972614622,NaN,AM2315
1392972614850,NaN,AM2315
1392972616329,NaN,AM2315
1392972617071,NaN,AM2315
1392972617192,NaN,AM2315
1392972617232,NaN,AM2315
1392972617434,NaN,AM2315
1392972617548,64.58,75.8
1392972617880,64.76,75.8
1392972618415,NaN,AM2315
1392972619009,NaN,AM2315
1392972619109,NaN,AM2315
1392972619668,64.58,75.8
1392972620056,NaN,AM2315
1392972620320,NaN,AM2315
1392972620497,NaN,AM2315
1392972620750,NaN,AM2315
1392972622547,NaN,AM2315
1392972623561,NaN,AM2315
1392972623591,64.76,75.8
1392972623631,64.76,75.8
1392972623670,64.76,75.8
1392972623791,64.76,75.8
1392972624010,NaN,AM2315
1392972624058,NaN,AM2315
1392972624102,64.76,75.8
1392972625533,64.76,75.8
1392972626200,NaN,AM2315
1392972626356,64.76,75.8
1392972626584,NaN,AM2315
1392972626671,64.76,75.8
1392972626932,64.58,75.8
1392972627174,NaN,AM2315
1392972628364,64.76,75.8
1392972628869,NaN,AM2315
1392972629144,NaN,AM2315
1392972629790,NaN,AM2315
1392972630162,64.76,75.8
1392972630449,NaN,AM2315
1392972630610,64.76,75.8
1392972630753,NaN,AM2315
1392972631193,64.76,75.8
1392972631303,NaN,AM2315
1392972631569,NaN,AM2315
1392972631783,NaN,AM2315
1392972631904,64.76,75.8
1392972632629,NaN,AM2315
1392972633138,NaN,AM2315
1392972633305,64.76,75.8
1392972633594,NaN,AM2315
1392972633627,NaN,AM2315
1392972634018,64.76,75.8
1392972635008,NaN,AM2315
1392972635060,NaN,AM2315
1392972635214,NaN,AM2315
1392972635247,NaN,AM2315
1392972635288,64.76,75.8
1392972635452,NaN,AM2315
1392972636946,64.76,75.8
1392972637962,64.76,75.8
1392972638255,NaN,AM2315
1392972638307,64.76,75.8
1392972638393,64.76,75.8
1392972638554,NaN,AM2315
1392972638779,NaN,AM2315
1392972639195,NaN,AM2315
1392972640308,NaN,AM2315
1392972640359,NaN,AM2315
1392972640442,NaN,AM2315
1392972640636,NaN,AM2315
1392972640729,NaN,AM2315
1392972642411,64.58,75.8
1392972643326,NaN,AM2315
1392972643416,64.58,75.8
1392972643463,NaN,AM2315
1392972643738,NaN,AM2315
1392972643787,NaN,AM2315
1392972643898,NaN,AM2315
1392972645339,NaN,AM2315
1392972646075,NaN,AM2315
1392972646161,NaN,AM2315
1392972646209,64.58,75.8
1392972646437,NaN,AM2315
1392972646484,64.58,75.8
1392972646810,64.76,75.8
1392972647343,64.76,75.8
1392972647688,NaN,AM2315
1392972648055,NaN,AM2315
1392972648253,NaN,AM2315
1392972648529,NaN,AM2315
1392972649345,NaN,AM2315
1392972650058,NaN,AM2315
1392972650361,NaN,AM2315
1392972650426,NaN,AM2315
1392972650691,NaN,AM2315
1392972650821,NaN,AM2315
1392972651127,NaN,AM2315
1392972651657,NaN,AM2315
1392972652220,NaN,AM2315
1392972652408,NaN,AM2315
1392972652660,NaN,AM2315
1392972652824,NaN,AM2315
1392972652913,NaN,AM2315
1392972653024,NaN,AM2315
1392972653132,NaN,AM2315
1392972653975,64.76,75.8
1392972655141,NaN,AM2315
1392972655240,NaN,AM2315
1392972655319,NaN,AM2315
1392972655390,64.76,75.8
1392972656443,64.76,75.8
1392972657250,NaN,AM2315
1392972657496,NaN,AM2315
1392972657625,64.76,75.8
1392972657899,NaN,AM2315
1392972658045,64.76,75.8
1392972659586,NaN,AM2315
1392972660556,NaN,AM2315
1392972660605,NaN,AM2315
1392972660709,NaN,AM2315
1392972660811,NaN,AM2315
1392972660888,64.76,75.8
1392972661171,NaN,AM2315
1392972661591,64.76,75.8
1392972662599,64.76,75.8
1392972662884,64.76,75.8
1392972663112,NaN,AM2315
1392972663216,64.76,75.8
1392972663423,NaN,AM2315
1392972664594,NaN,AM2315
1392972664794,NaN,AM2315
1392972665691,NaN,AM2315
1392972665876,NaN,AM2315
1392972666080,NaN,AM2315
1392972666567,NaN,AM2315
1392972666704,NaN,AM2315
1392972667145,64.76,75.8
1392972667522,NaN,AM2315
1392972667806,NaN,AM2315
1392972668218,NaN,AM2315
1392972669089,NaN,AM2315
1392972669738,NaN,AM2315
1392972670075,NaN,AM2315
1392972670105,64.76,75.8
1392972670616,NaN,AM2315
1392972670943,NaN,AM2315
1392972671081,64.58,75.8
1392972671195,NaN,AM2315
1392972671604,NaN,AM2315
1392972671956,NaN,AM2315
1392972672121,NaN,AM2315
1392972672365,NaN,AM2315
1392972672494,NaN,AM2315
1392972672784,NaN,AM2315
1392972676680,64.76,75.8
1392972677949,NaN,AM2315
1392972678197,64.76,75.8
1392972678327,64.76,75.7
1392972678407,NaN,AM2315
1392972678452,NaN,AM2315
1392972678686,64.76,75.8
1392972680109,NaN,AM2315
1392972680237,64.58,75.8
1392972680489,NaN,AM2315
1392972680577,NaN,AM2315
1392972680814,64.76,75.7
1392972681581,NaN,AM2315
1392972682571,NaN,AM2315
1392972682623,NaN,AM2315
1392972682835,64.58,75.8
1392972682904,NaN,AM2315
1392972682953,NaN,AM2315
1392972683105,NaN,AM2315
1392972684139,64.76,75.8
1392972684909,NaN,AM2315
1392972684945,64.76,75.8
1392972685214,64.76,75.7
1392972685304,64.76,74.1
1392972685469,NaN,AM2315
1392972686261,64.76,75.7
1392972686920,NaN,AM2315
1392972686994,64.76,75.8
1392972687044,64.76,75.8
1392972687219,64.76,75.8
1392972688823,64.58,75.7
1392972690086,NaN,AM2315
1392972690145,64.76,75.8
1392972690392,64.76,75.8
1392972690502,NaN,AM2315
1392972691148,NaN,AM2315
1392972691742,NaN,AM2315
1392972691933,64.76,75.8
1392972692588,NaN,AM2315
1392972693003,NaN,AM2315
1392972693305,NaN,AM2315
1392972694205,64.76,75.8
1392972694532,64.76,75.8
1392972694669,NaN,AM2315
1392972695341,64.76,75.7
1392972696326,257.00,99.9
1392972696794,NaN,AM2315
1392972697150,NaN,AM2315
1392972697649,64.76,75.8
1392972698946,64.58,75.8
1392972699378,64.76,75.8
1392972699525,64.76,75.8
1392972701676,NaN,AM2315
1392972701885,64.76,75.8
1392972702312,64.76,75.8
1392972703172,NaN,AM2315
1392972703926,NaN,AM2315
1392972704397,NaN,AM2315
1392972705256,64.76,75.7
1392972705506,NaN,AM2315
1392972706600,64.76,75.8
1392972707117,NaN,AM2315
1392974556417,63.32,77.6
1392974615664,63.32,77.6
1392975251982,63.14,77.8
1392975301837,63.14,78
1392975454100,62.96,77.9
1392975503978,62.96,78
1392975554005,62.78,78
1392975604077,62.78,77.8
1392975654083,62.78,77.7
1392975704107,62.96,77.6
1392975754148,62.96,77.5
1392976354280,62.96,77.2
1392976954633,63.14,74.9
1392977554745,64.58,72.7
1392977704836,66.02,71
1392977854921,66.74,70.9
1392978005026,66.92,70.9
1392978155115,67.10,71
1392978305234,67.10,71
1392978455317,66.92,70.9
1392979586183,67.10,71
1392979736122,67.10,71
1392979886204,67.28,70.7
1392980036305,67.28,70.6
1392980186397,67.28,70.3
1392980336511,67.46,70.3
1392980486618,67.46,70.2
1392980636707,67.46,70.3
1392980786822,67.64,70.1
1392980936930,67.64,69.9
1392981087010,67.64,69.8
1392981237104,67.64,69.7
1392981387198,67.64,69.7
1392981537306,67.64,69.5
1392981687419,67.82,69.5
1392981837517,67.82,69.5
1392981987608,67.82,69.4
1392982137709,67.82,69.4
1392982287809,68.00,69.5
1392982437909,68.00,69.1
1392982588005,68.00,68.6
1392982738122,68.00,68.5
1392982888216,68.00,68.9
1392983038307,67.64,69.4
1392983188328,67.28,70
1392983338427,67.10,70.7
1392983488537,66.74,70.9
1392983638624,66.38,70.8
1392983788746,66.20,71.3
1392983938805,65.84,71.6
1392984088905,65.66,72.1
1392984239009,65.48,72.4
1392984389118,65.30,72.7
1392984539207,65.12,72.9
1392984689307,64.94,73.3
1392984839406,64.94,73.4
1392984989507,64.76,73.5
1392985139628,64.58,73.8
1392985289706,64.58,73.9
1392985439817,64.40,74
1392985589907,64.22,74.1
1392985740006,64.04,74.1
1392985890117,64.04,74.1
1392986040211,64.04,74.1
1392986190266,63.68,74.1
1392986340368,63.68,74.2
1392986490475,63.68,74.3
1392986640568,63.50,74.4
1392986790669,63.50,74.4
1392986940769,63.32,74.4
1392987090881,63.14,74.5
1392987240981,63.14,74.6
1392987391068,63.14,74.6
1392987541209,62.96,74.5
1392987691285,62.96,74.5
1392987841370,62.78,74.5
1392987991469,62.78,74.5
1392988141567,62.60,74.5
1392988291668,62.78,74.7
1392988441768,62.60,74.5
1392988591869,62.60,74.6
1392988741968,62.60,74.6
1392988892066,62.42,74.6
1392989042168,62.42,74.7
1392989192268,62.24,74.5
1392989342368,62.24,74.6
1392989492468,62.24,74.5
1392989642567,62.06,74.6
1392989792670,62.06,74.6
1392989942787,61.88,74.7
1392990092865,61.88,74.7
1392990243030,61.88,74.6
1392990393061,61.88,74.6
1392990543214,61.88,74.7
1392990693267,61.70,74.8
1392990843391,61.70,74.9
1392990993465,61.70,75
1392991143569,61.52,74.8
1392991293688,61.52,74.9
1392991443767,61.52,74.9
1392991593868,61.34,74.9
1392991743989,61.34,74.9
1392991894078,61.34,75
1392992044195,61.34,75
1392992194269,61.34,75.1
1392992344369,61.16,75
1392992494467,61.16,75.1
1392992644577,60.98,75.2
1392992794660,60.98,75.2
1392992944767,60.98,75.2
1392993094878,60.98,75.2
1392993244970,60.98,75.2
1392993395065,60.80,75.1
1392993545125,60.80,75.1
1392993695233,60.80,75.1
1392993845327,60.80,75.1
1392993995429,60.80,75.1
1392994145527,60.62,75.1
1392994295642,60.44,75
1392994445733,60.44,75
1392994595836,60.44,75
1392994745930,60.44,75
1392994896028,60.44,75
1392995046130,60.44,75
1392995196228,60.26,75
1392995346338,60.44,75
1392995496459,60.26,75.1
1392995646529,60.26,75.1
1392995796630,60.26,75.1
1392995946739,60.26,75.1
1392996096827,60.08,74.9
1392996246933,60.08,75
1392996397042,60.08,74.9
1392996547129,60.08,74.8
1392996697230,60.08,74.8
1392996847318,60.26,75
1392996997432,60.08,74.8
1392997147528,60.08,74.8
1392997297665,60.08,74.8
1392997447784,60.08,74.8
1392997597830,60.08,74.8
1392997747929,60.26,74.6
1392997898033,60.44,74.2
1392998048138,60.80,74
1392998198239,60.80,73.7
1392998348326,60.98,73.8
1392998498439,60.80,73.8
1392998648538,60.80,73.8
1392998798612,60.80,73.5
1392998948717,61.16,73
1392999098809,61.52,72.3
1392999248908,61.88,71.9
1392999399009,62.24,71.3
1392999549100,62.42,70.9
1392999699209,62.60,70.8
1392999849326,62.78,70.9
1392999999418,62.96,70.8
1393000149516,63.14,70.5
1393000299610,63.14,70.3
1393000449721,63.50,70
1393000599819,63.68,70
1393000749929,63.86,70.1
1393000900029,64.04,70.1
1393001050188,64.04,70.1
1393001200210,64.04,70.1
1393001350365,64.04,70.1
1393001500410,64.04,70.1
1393001650529,63.86,70.2
1393001800631,63.86,70.7
1393001950702,63.68,71.1
1393002100808,63.68,71.4
1393002250951,63.68,71.7
1393002401009,63.50,72
1393002551073,63.68,72.3
1393002701112,63.50,72.5
1393002851210,63.50,72.7
1393003001312,63.50,72.9
1393003151401,63.50,73.1
1393003301537,63.68,73.2
1393003451632,63.68,73.3
1393003601719,63.68,73.4
1393003751831,63.86,73.5
1393003901922,63.86,73.5
1393004052022,64.04,73.4
1393004202106,64.04,73.3
1393004352239,64.22,73.3
1393004502310,64.40,73.1
1393004652399,64.40,73
1393004802494,64.58,72.9
1393004952620,64.58,72.7
1393005102690,64.76,72.5
1393005252790,64.76,72.2
1393005402891,64.94,72.1
1393005552987,65.12,71.9
1393005703097,65.30,71.7
1393005853109,65.30,71.4
1393006003206,65.48,71.1
1393006153322,65.48,70.7
1393006303420,65.66,70.6
1393006453516,65.84,70.6
1393006603610,65.84,70.6
1393006753730,65.84,70.6
1393006903759,65.84,70.6
1393007053912,65.84,70.7
1393007203949,65.84,71
1393007354050,65.84,71.2
1393007504158,65.84,71.3
1393007654263,65.84,71.4
1393007804351,65.84,71.2
1393007954450,65.84,70.6
1393008104549,66.02,70.7
1393008254672,65.84,71.1
1393008404749,65.84,71.5
1393008554849,65.66,71.8
1393008704956,65.48,72
1393008854999,65.48,72.1
1393009005090,65.30,72.3
1393009155188,65.30,72.5
1393009305289,65.30,72.5
1393009455388,65.30,72.6
1393009605492,65.30,72.6
1393009755598,65.12,72.5
1393009905699,65.30,72.6
1393010055846,65.12,72.5
1393010205886,65.12,72.4
1393010355989,65.30,72.4
1393010506110,65.30,72.3
1393010656199,65.30,72.1
1393010806292,65.48,71.9
1393010956403,65.48,71.6
1393011106489,65.48,71.4
1393011256595,65.66,71.2
1393011406710,65.84,70.8
1393011556791,66.02,70.7
1393011706904,66.20,70.7
1393011856996,66.20,70.7
1393012007117,66.38,70.8
1393012157190,66.38,70.8
1393012307300,66.56,70.3
1393012457389,66.74,70
1393012607490,66.74,69.6
1393012757589,66.74,69.3
1393012907688,66.92,69
1393013057789,67.10,68.8
1393013207890,67.10,68.6
1393013358001,67.28,68.4
1393013508087,67.28,68.1
1393013692889,67.46,68.1
1393013842808,67.64,68
1393013992906,67.82,67.7
1393014143007,67.82,67.4
1393014293106,68.00,67.3
1393014443226,68.00,67.4
1393014593309,68.00,67.5
1393014743436,68.00,67.4
1393014893508,68.00,67.5
1393015043638,68.00,67.5
1393015193708,68.00,67.6
1393015343807,68.18,68
1393015493909,68.18,67.4
1393015644037,68.18,67.1
1393015794138,68.18,66.9
1393015944207,68.18,67
1393016094306,68.18,67
1393016244406,68.18,66.8
1393016394513,68.18,66.4
1393016544618,68.18,66.1
1393016694710,68.18,66.1
1393016844826,68.18,66.4
1393016994919,68.00,66.5
1393017145058,68.00,66.8
1393017295116,67.64,66.9
1393017445217,67.64,67.2
1393017595307,67.64,67.5
1393017745409,67.46,67.7
1393017895508,67.28,67.8
1393018045607,67.28,68
1393018195715,67.28,68.3
1393018345817,67.10,68.5
1393018495910,67.10,68.7
1393018646017,66.92,68.8
1393018796119,66.92,68.9
1393018946219,66.92,69.1
1393019096306,66.74,69.3
1393019246435,66.74,69.5
1393019396505,66.56,69.5
1393019546607,66.38,69.6
1393019696726,66.38,69.8
1393019846808,66.38,69.9
1393019996928,66.38,69.9
1393020147039,66.38,70
1393020297120,66.38,70
1393020447206,66.38,70.1
1393020597327,66.20,70.1
1393020747437,66.20,70.1
1393020897519,66.20,70.3
1393021047625,66.20,70.3
1393021197705,66.20,70.3
1393021347810,66.20,70.4
1393021497921,66.02,70.3
1393021648025,66.20,70.3
1393021798108,66.02,70.3
1393021948206,66.02,70.3
1393022098308,66.02,70.5
1393022248409,66.02,70.5
1393022398491,66.02,70.4
1393022548577,66.02,70.4
1393022698677,66.02,70.3
1393022848790,66.02,70.3
1393022998878,65.84,70.2
1393023148969,65.84,70.2
1393023299077,65.84,70.2
1393023449170,65.84,70.2
1393023599264,65.84,70.2
1393023749378,65.84,70.2
1393023899467,65.84,70.3
1393024049598,65.84,70.3
1393024199680,65.66,70.4
1393024349777,65.66,70.2
1393024499893,65.66,70.3
1393024649978,65.48,70.4
1393024800068,65.66,70.5
1393024950169,65.48,70.5
1393025100230,65.48,70.5
1393025250329,65.48,70.5
1393025400427,65.48,70.5
1393025550529,65.48,70.5
1393025700703,65.48,70.5
1393025850740,65.48,70.5
1393026000838,65.48,70.5
1393026150925,65.48,70.5
1393026301038,65.48,70.5
1393026451127,65.48,70.5
1393026601260,65.48,70.5
1393026751349,65.48,70.5
1393026901462,65.48,70.5
1393027051539,65.48,70.5
1393027201629,65.30,70.5
1393027351726,65.30,70.5
1393027501851,65.30,70.5
1393027651943,65.30,70.5
1393027802056,65.30,70.5
1393027952137,65.30,70.5
1393028102206,65.30,70.5
1393028252306,65.30,70.5
1393028402423,65.30,70.7
1393028552500,65.30,71
1393028702620,65.30,71.1
1393028852738,65.30,71.3
1393029002820,65.30,71.4
1393029152906,65.30,71.4
1393029303019,65.30,71.6
1393029453137,65.30,71.7
1393029603242,65.30,71.7
1393029753320,65.30,71.9
1393029903410,65.30,72
1393030053498,65.30,72
1393030203611,65.30,72.2
1393030353708,65.30,72.2
1393030503799,65.30,72.3
1393030653898,65.30,72.5
1393030804018,65.30,72.6
1393030954107,65.30,72.6
1393031104220,65.30,72.6
1393031254319,65.30,72.8
1393031404406,65.30,72.8
1393031554546,65.30,72.8
1393031704621,65.30,72.8
1393031854697,65.30,72.9
1393032004838,65.30,73
1393032154918,65.30,73.1
1393032305002,65.30,73.2
1393032455109,65.30,73.3
1393032605215,65.30,73.3
1393032755307,65.30,73.4
1393032905416,65.12,73.4
1393033055507,65.12,73.5
1393033205613,65.12,73.5
1393033355723,65.12,73.6
1393033505818,65.12,73.7
1393033655918,64.94,73.8
1393033806012,64.94,73.9
1393033956145,64.94,73.9
1393034106223,64.94,73.9
1393034256308,64.94,73.6
1393034406411,65.30,73.4
1393034556506,65.48,73.1
1393034706611,65.84,72.7
1393034856723,66.38,72.4
1393035006810,66.74,71.9
1393035156928,67.10,71.3
1393035307006,67.28,71
1393035457119,67.64,71.1
1393035607229,67.82,71.1
1393035757318,68.00,70.4
1393035907440,68.36,70.1
1393036057541,68.54,69.9
1393036207641,68.72,69.6
1393036357737,68.90,69.5
1393036507852,68.90,69.3
1393036657919,69.08,69
1393036808006,69.44,68.9
1393036958109,69.44,68.8
1393037108210,69.44,68.6
1393037258319,69.80,68.6
1393037408410,69.80,68.6
1393037558520,69.80,68.7
1393037708611,69.80,68.7
1393037858718,69.80,68.7
1393038008818,69.62,68.7
1393038608920,69.80,68.7
1393039209016,69.80,68.2
1393039809098,69.98,77.2
1393040409208,70.34,81
1393041009311,71.24,81.6
1393041609430,70.70,83.9
1393042209518,69.44,85.6
1393042809618,68.90,85.9
1393043409708,68.18,85.4
1393044009788,67.82,84.4
1393044609888,67.64,83.2
1393045210001,67.28,83.2
1393045810085,67.10,82.8
1393046410200,66.92,82.7
1393047010299,66.74,82
1393047610417,66.38,81.5
1393048210487,66.38,81.2
1393048810602,66.20,80.9
1393049410699,65.84,80.6
1393050010950,65.66,80.4
1393050610902,65.48,80.2
1393051210999,65.30,80.1
1393051811098,65.12,79.9
1393052411188,64.94,79.7
1393053011298,64.76,79.6
1393053611458,64.58,79.6
1393054211520,64.40,79.5
1393054811600,64.40,79.5
1393055411690,64.22,79.5
1393056011788,64.04,79.3
1393056611901,63.86,79.3
1393057211998,63.68,79.1
1393057812087,63.68,79.2
1393058412195,63.50,79.1
1393059012291,63.50,78.7
1393059612400,63.32,78.5
1393060212489,63.14,78.5
1393060812672,63.14,78.7
1393061412701,62.96,78.7
1393062012748,62.78,78.5
1393062612868,62.78,78.4
1393063212984,62.60,78.3
1393063813057,62.42,78.3
1393064413158,62.24,78.2
1393065013275,62.06,78.2
1393065613347,61.88,78.1
1393066213449,61.88,78.1
1393066813548,61.70,78.1
1393067413658,61.52,78
1393068013758,61.34,78.1
1393068613846,61.16,78
1393069213957,60.98,78
1393069814047,60.98,78.1
1393070414158,60.80,78.1
1393071014249,60.80,77.9
1393071614371,60.62,77.7
1393072214447,60.44,77.7
1393072814558,60.26,78
1393073414658,60.08,78
1393074014759,59.90,78.1
1393074614861,59.90,78.1
1393075214959,59.72,78.1
1393075815019,59.54,78.3
1393076415139,59.36,78.3
1393077015239,59.18,78.6
1393077615308,59.18,78.8
1393078215387,59.00,78.6
1393078815511,59.00,78.6
1393079415599,58.82,78.6
1393080015687,58.64,78.4
1393080615791,58.46,78.5
1393081215901,58.28,78.7
1393081815988,58.28,78.8
1393082416086,58.28,78.8
1393083016187,58.28,78.8
1393083616286,58.28,78.4
1393084216388,58.28,78.2
1393084816500,58.46,77.2
1393085416590,59.00,76.3
1393086016686,59.54,74.7
1393086616789,60.44,72.9
1393087216898,61.34,72
1393087817000,61.88,72
1393088417089,62.60,72.7
1393089017199,62.24,73.6
1393089617302,62.24,74.5
1393090217388,62.24,74.9
1393090817500,62.42,74.9
1393091417600,62.78,75.4
1393092017688,62.78,74.5
1393092617787,63.50,73.7
1393093217917,64.04,73.4
1393093818021,64.40,73.5
1393094418098,64.40,73.7
1393095018188,64.58,73.3
1393095618321,64.58,74.6
1393096218399,64.22,75.4
1393096818500,64.04,75.5
1393097418600,64.04,75
1393098018681,64.40,74.1
1393098618819,64.94,73
1393099218902,65.48,71.4
1393099818990,66.20,70.7
1393100419108,66.56,69.4
1393101019189,67.10,76
1393101619287,67.64,80.9
1393102219468,68.18,77.8
1393102819500,68.18,77.3
1393103419599,68.00,76.8
1393104019700,67.64,76.1
1393104619800,67.28,76.7
1393105219901,67.10,77
1393105820000,66.74,76.9
1393106420100,66.38,76.8
1393107020200,66.20,76.7
1393107620300,66.20,76.7
1393108220411,66.02,76.7
1393108820510,66.02,76.7
1393109420586,65.84,76.4
1393110020686,66.02,76.4
1393110620801,65.84,76.4
1393111220899,65.84,76.6
1393111820979,65.66,76.6
1393112421097,65.48,76.5
1393113021200,65.48,76.6
1393113621317,65.30,76.6
1393114221402,65.30,77
1393114821501,65.12,77.2
1393115421600,64.94,77.3
1393116021689,64.94,77.2
1393116621800,64.76,77.2
1393117221904,64.76,77.5
1393117821999,64.58,77.7
1393118422104,64.58,77.9
1393119022200,64.40,77.9
1393119622299,64.40,78
1393120222401,64.04,78.1
1393120822500,64.04,78.3
1393121422618,63.68,78.5
1393122022699,63.50,78.9
1393122622803,63.50,79.1
1393123222899,63.14,79.3
1393123822993,63.14,79.5
1393124423144,62.78,79.7
1393125023199,62.78,79.9
1393125623303,62.60,79.9
1393126223404,62.60,80
1393126823502,62.24,80.1
1393127423601,62.24,80.1
1393128023699,62.06,80.2
1393128623800,61.88,80.2
1393129223899,61.88,80.2
1393129824006,61.70,80.2
1393130424100,61.70,80.3
1393131024199,61.52,80.2
1393131624300,61.34,80.3
1393132224399,61.34,80.3
1393132824500,61.16,80.3
1393133424610,60.98,80.2
1393134024698,60.98,80.3
1393134624802,60.80,80.1
1393135224890,60.80,80.2
1393135824990,60.62,80.2
1393136425100,60.44,80.1
1393137025200,60.44,80.1
1393137625312,60.26,80.1
1393138225399,60.08,80
1393138825484,60.08,80
1393139425626,59.90,80
1393140025690,59.90,80
1393140625801,59.54,79.9
1393141225890,59.54,79.9
1393141825991,59.36,79.8
1393142426099,59.18,79.8
1393143026218,59.18,79.8
1393143626300,59.00,79.6
1393144226401,59.00,79.6
1393144826488,58.82,79.6
1393145426600,58.64,79.5
1393146026721,58.64,79.5
1393146626804,58.46,79.5
1393147226899,58.28,79.3
1393147827024,58.28,79.4
1393148427100,58.10,79.4
1393149027198,57.92,79.3
1393149627346,57.74,79.3
1393150227400,57.74,79.3
1393150827504,57.56,79.2
1393151427599,57.38,79.2
1393152027692,57.38,79.2
1393152627822,57.20,79
1393153227905,57.20,79.1
1393153827990,57.02,79.1
1393154428102,56.84,79
1393155028200,56.84,79
1393155628290,56.66,79.1
1393156228399,56.48,79.1
1393156828490,56.48,79.1
1393157428602,56.48,79.1
1393158028699,56.30,79.3
1393158628802,56.30,79.5
1393159228901,56.30,79.6
1393159829000,56.30,79.6
1393160429089,56.30,79.6
1393161029199,56.30,79.6
1393161629300,56.30,79.6
1393162229400,56.30,79.6
1393162829501,56.30,79.6
1393163429599,56.48,79.6
1393164029697,56.30,79.6
1393164629804,56.48,79.7
1393165229899,56.30,80
1393165830000,56.30,80.2
1393166430099,56.48,80.4
1393167030201,56.30,80.6
1393167630301,56.48,80.6
1393168230399,56.48,80.7
1393168830498,56.48,80.7
1393169430602,56.48,80.7
1393170030700,56.66,80.7
1393170630802,56.84,80.5
1393171230900,56.84,80.2
1393171831033,57.02,79.8
1393172431090,57.20,79.8
1393173031207,57.38,79.9
1393173631298,57.74,79.4
1393174231410,57.74,79
1393174831501,58.10,78.6
1393175431601,58.28,78
1393176031700,58.64,77.5
1393176631800,58.82,76.9
1393177231899,59.18,76.1
1393177831999,59.72,75.2
1393178432100,60.08,73.1
1393179032201,61.52,73.2
1393179632300,61.70,73.7
1393180232389,61.88,74.3
1393180832500,61.88,74.5
1393181432599,62.06,74.2
1393182032700,62.06,74.8
1393182632801,61.88,75.1
1393183232899,61.70,75
1393183833000,61.88,74.2
1393184433100,62.24,73
1393185033220,62.78,71.7
1393185633304,63.14,70.9
1393186233372,63.68,70
1393186833482,64.04,68.9
1393187433620,64.58,67.7
1393188033683,64.94,67.5
1393188633781,65.12,67.9
1393189233883,64.94,68.4
1393189833980,64.76,68.9
1393190434080,64.58,70.1
1393191034204,64.22,70.2
1393191634280,64.04,70.6
1393192234382,63.68,71.5
1393192834490,63.50,72.2
1393193434580,63.14,72.4
1393194034680,63.14,72.8
1393194634780,62.78,72.8
1393195234872,62.78,72.9
1393195834977,62.78,72.9
1393196435081,62.78,73.1
1393197035180,62.78,73.3
1393197635282,62.60,73.5
1393198235381,62.60,73.6
1393198835481,62.60,73.8
1393199435592,62.60,73.9
1393200035668,62.60,74
1393200635779,62.60,74.2
1393201235897,62.42,74.4
1393201836012,62.24,74.5
1393202436085,62.24,74.7
1393203036199,62.24,74.8
1393203636300,62.24,75
1393204236381,62.06,75.3
1393204836479,61.88,75.4
1393205436581,61.88,75.4
1393206036670,61.88,75.5
1393206636781,61.70,77.1
1393207236884,63.86,75.2
1393207836981,63.32,77.4
1393208437081,62.42,78.2
1393209037253,61.88,78.7
1393209637280,61.70,78.4
1393210237379,62.24,76.1
1393213187609,65.84,73.6
1393213252170,65.84,70.6
1393213316603,67.64,71.1
1393213376391,67.64,71.1
1393254715849,67.82,71.2
1393254781220,67.82,58.9
1393254781263,NaN,AM2315
1393254781688,NaN,AM2315
1393254781939,66.38,58.5
1393254781986,NaN,AM2315
1393254782081,67.82,58.9
1393254782244,NaN,AM2315
1393254782527,NaN,AM2315
1393254782554,NaN,AM2315
1393254782667,NaN,AM2315
1393254782849,66.38,58.5
1393254783345,NaN,AM2315
1393254783402,NaN,AM2315
1393254783468,NaN,AM2315
1393254783548,NaN,AM2315
1393254783685,66.38,56.8
1393254784063,NaN,AM2315
1393254784254,NaN,AM2315
1393254784612,NaN,AM2315
1393254784670,NaN,AM2315
1393254784827,NaN,AM2315
1393254785173,66.38,58.5
1393254785830,NaN,AM2315
1393254786108,NaN,AM2315
1393254786152,66.38,58.5
1393254786310,NaN,AM2315
1393254786517,NaN,AM2315
1393254788444,NaN,AM2315
1393254789488,NaN,AM2315
1393254789568,NaN,AM2315
1393254789853,NaN,AM2315
1393254789883,66.38,58.5
1393254789963,66.38,58.5
1393254790229,66.56,58.5
1393254791348,66.38,58.5
1393254791955,NaN,AM2315
1393254792127,NaN,AM2315
1393254792173,66.38,58.5
1393254792209,66.38,58.5
1393254792537,NaN,AM2315
1393254792622,NaN,AM2315
1393254792910,NaN,AM2315
1393254794104,66.56,58.5
1393254794781,NaN,AM2315
1393254794910,66.56,58.5
1393254795161,NaN,AM2315
1393254795184,66.56,58.5
1393254795222,66.56,58.5
1393254795360,NaN,AM2315
1393254796539,66.56,58.5
1393254797199,NaN,AM2315
1393254797547,66.56,58.5
1393254797706,NaN,AM2315
1393254798048,NaN,AM2315
1393254798726,NaN,AM2315
1393254799058,NaN,AM2315
1393254799318,NaN,AM2315
1393254799436,66.56,58.5
1393254799674,NaN,AM2315
1393254799700,NaN,AM2315
1393254799881,NaN,AM2315
1393254799908,NaN,AM2315
1393254801017,NaN,AM2315
1393254802087,66.56,58.5
1393254802194,NaN,AM2315
1393254802245,66.56,58.5
1393254802420,NaN,AM2315
1393254802626,32.00,48.9
1393254802744,NaN,AM2315
1393254803471,66.74,58.6
1393254804210,NaN,AM2315
1393254804244,NaN,AM2315
1393254804288,66.74,58.6
1393254804492,NaN,AM2315
1393254804516,66.56,58.5
1393254804632,NaN,AM2315
1393254804684,NaN,AM2315
1393254806158,66.74,58.6
1393254807105,NaN,AM2315
1393254807164,66.74,58.6
1393254807250,NaN,AM2315
1393254807294,NaN,AM2315
1393254807340,NaN,AM2315
1393254807478,NaN,AM2315
1393254808085,NaN,AM2315
1393254808961,NaN,AM2315
1393254809239,NaN,AM2315
1393254809295,NaN,AM2315
1393254809432,NaN,AM2315
1393254809766,NaN,AM2315
1393254811148,NaN,AM2315
1393254811360,66.74,58.5
1393254812066,NaN,AM2315
1393254812114,66.74,58.5
1393254812558,66.56,58.4
1393254812734,NaN,AM2315
1393254812900,NaN,AM2315
1393254813175,NaN,AM2315
1393254813564,NaN,AM2315
1393254813965,NaN,AM2315
1393254814282,66.74,58.5
1393254814428,NaN,AM2315
1393254814507,66.74,58.6
1393254814727,NaN,AM2315
1393254815041,NaN,AM2315
1393254815492,NaN,AM2315
1393254815679,NaN,AM2315
1393254816058,NaN,AM2315
1393254816250,NaN,AM2315
1393254816892,NaN,AM2315
1393254817168,NaN,AM2315
1393254817511,NaN,AM2315
1393254817869,NaN,AM2315
1393254817927,NaN,AM2315
1393254819120,NaN,AM2315
1393254819833,66.74,58.5
1393254819949,NaN,AM2315
1393254820211,NaN,AM2315
1393254820253,66.74,58.5
1393254820395,NaN,AM2315
1393254820487,66.74,58.5
1393254820532,NaN,AM2315
1393254820618,66.74,58.5
1393254821201,66.74,58.5
1393254822173,66.92,58.5
1393254822234,NaN,AM2315
1393254822291,66.74,58.5
1393254822488,NaN,AM2315
1393254823564,NaN,AM2315
1393254824175,NaN,AM2315
1393254824533,NaN,AM2315
1393254824575,66.74,58.5
1393254824698,NaN,AM2315
1393254824961,NaN,AM2315
1393254825230,66.74,58.5
1393254826452,66.74,58.5
1393254826681,NaN,AM2315
1393254827162,NaN,AM2315
1393254827208,NaN,AM2315
1393254827310,NaN,AM2315
1393254827610,NaN,AM2315
1393254827700,NaN,AM2315
1393254828505,66.74,58.5
1393254828869,NaN,AM2315
1393254829012,NaN,AM2315
1393254829042,66.74,58.5
1393254829251,NaN,AM2315
1393254829581,NaN,AM2315
1393254830279,66.74,58.5
1393254830497,NaN,AM2315
1393254831145,NaN,AM2315
1393254831211,66.74,58.5
1393254831555,NaN,AM2315
1393254832130,NaN,AM2315
1393254832745,NaN,AM2315
1393254832977,NaN,AM2315
1393254833107,NaN,AM2315
1393254833140,NaN,AM2315
1393254833293,NaN,AM2315
1393254833552,NaN,AM2315
1393254833817,66.74,58.5
1393254834788,NaN,AM2315
1393254835180,NaN,AM2315
1393254835327,NaN,AM2315
1393254835667,66.74,58.5
1393254836173,NaN,AM2315
1393254836771,NaN,AM2315
1393254836871,NaN,AM2315
1393254837005,66.74,58.5
1393254837231,NaN,AM2315
1393254837440,NaN,AM2315
1393254837660,NaN,AM2315
1393254837734,NaN,AM2315
1393254838353,NaN,AM2315
1393254838909,66.74,58.5
1393254839336,NaN,AM2315
1393254839387,NaN,AM2315
1393254839605,NaN,AM2315
1393254839715,66.74,58.5
1393254839879,NaN,AM2315
1393254839990,NaN,AM2315
1393254841464,66.74,58.5
1393254841875,NaN,AM2315
1393254842347,NaN,AM2315
1393254842412,66.74,58.5
1393254842499,66.74,58.5
1393254842824,NaN,AM2315
1393254843234,NaN,AM2315
1393254843698,66.74,58.5
1393254844321,66.74,58.5
1393254844521,NaN,AM2315
1393254844684,66.74,58.5
1393254844884,NaN,AM2315
1393254845081,NaN,AM2315
1393254845959,NaN,AM2315
1393254846733,NaN,AM2315
1393254846974,NaN,AM2315
1393254847022,66.74,58.5
1393254847359,66.74,56.8
1393254847453,NaN,AM2315
1393254847899,NaN,AM2315
1393254848770,NaN,AM2315
1393254848800,NaN,AM2315
1393254849029,NaN,AM2315
1393254849057,NaN,AM2315
1393254849281,NaN,AM2315
1393254849816,NaN,AM2315
1393254850754,66.74,58.5
1393254851034,NaN,AM2315
1393254851121,66.74,58.5
1393254851311,NaN,AM2315
1393254852575,NaN,AM2315
1393254852971,NaN,AM2315
1393254853090,66.74,58.5
1393254853140,NaN,AM2315
1393254853187,66.74,58.5
1393254853505,NaN,AM2315
1393254853723,66.74,58.5
1393254854080,NaN,AM2315
1393254854661,NaN,AM2315
1393254854941,NaN,AM2315
1393254855029,66.74,58.5
1393254855309,NaN,AM2315
1393254855377,66.74,58.5
1393254855472,NaN,AM2315
1393254856349,NaN,AM2315
1393254857200,NaN,AM2315
1393254857546,NaN,AM2315
1393254857632,66.74,58.5
1393254857912,NaN,AM2315
1393254858086,NaN,AM2315
1393254859182,66.74,58.5
1393254859946,NaN,AM2315
1393254860054,NaN,AM2315
1393254860455,66.74,56.8
1393254860572,NaN,AM2315
1393254860622,NaN,AM2315
1393254862097,NaN,AM2315
1393254862213,NaN,AM2315
1393254862337,66.74,58.4
1393254862823,NaN,AM2315
1393254862889,NaN,AM2315
1393254862966,66.74,58.5
1393254863238,NaN,AM2315
1393254863286,66.74,58.5
1393254863367,NaN,AM2315
1393254863691,NaN,AM2315
1393254864093,NaN,AM2315
1393254864721,NaN,AM2315
1393254864862,66.74,58.5
1393254865098,NaN,AM2315
1393254865339,66.74,58.4
1393254866733,NaN,AM2315
1393254867078,66.74,58.5
1393254867497,NaN,AM2315
1393254867676,66.74,58.4
1393254867839,NaN,AM2315
1393254868263,NaN,AM2315
1393254868666,66.74,58.4
1393254868956,NaN,AM2315
1393254869003,NaN,AM2315
1393254869227,NaN,AM2315
1393254869351,NaN,AM2315
1393254869768,NaN,AM2315
1393254870003,NaN,AM2315
1393254870465,66.74,59
1393254870615,NaN,AM2315
1393254870758,66.74,59
1393254871208,66.74,58.5
1393254872568,NaN,AM2315
1393254872965,66.74,58.4
1393254873308,NaN,AM2315
1393254873354,66.74,56.8
1393254873580,NaN,AM2315
1393254873819,NaN,AM2315
1393258346515,66.92,57.6
1393258346958,NaN,AM2315
1393258347002,66.92,57.6
1393258347218,66.92,54.7
1393258347289,NaN,AM2315
1393258347528,66.92,54.7
1393258347633,NaN,AM2315
1393258347744,NaN,AM2315
1393258347802,66.92,54.7
1393258347941,66.92,54.7
1393258348230,70.34,55.7
1393258348311,66.92,54.7
1393258348413,NaN,AM2315
1393258348515,66.92,54.7
1393258348732,NaN,AM2315
1393258348814,NaN,AM2315
1393258349124,NaN,AM2315
1393258349304,NaN,AM2315
1393258349608,70.34,55.7
1393258349749,NaN,AM2315
1393258350122,NaN,AM2315
1393258350486,NaN,AM2315
1393258350711,NaN,AM2315
1393258350816,70.34,55.7
1393258350994,70.34,55.7
1393258351442,NaN,AM2315
1393258352002,NaN,AM2315
1393258352462,70.34,55.7
1393258352876,NaN,AM2315
1393258352968,NaN,AM2315
1393258353263,NaN,AM2315
1393258353408,NaN,AM2315
1393258353847,70.34,55.7
1393258354713,NaN,AM2315
1393258354785,70.34,55.7
1393258354994,NaN,AM2315
1393258355061,70.34,55.7
1393258355158,NaN,AM2315
1393258355559,70.34,55.6
1393258356346,70.34,55.7
1393258356603,NaN,AM2315
1393258356660,70.34,55.7
1393258356829,NaN,AM2315
1393258356916,NaN,AM2315
1393258357121,NaN,AM2315
1393258357410,NaN,AM2315
1393258358667,70.52,55.6
1393258359084,NaN,AM2315
1393258359513,NaN,AM2315
1393258359599,NaN,AM2315
1393258359779,NaN,AM2315
1393258360353,70.34,55.7
1393258361309,NaN,AM2315
1393258361383,70.52,55.6
1393258361597,NaN,AM2315
1393258361638,NaN,AM2315
1393258361818,NaN,AM2315
1393258361903,NaN,AM2315
1393258362108,NaN,AM2315
1393258363687,70.52,55.6
1393258364229,NaN,AM2315
1393258364454,70.52,55.6
1393258364537,NaN,AM2315
1393258364771,NaN,AM2315
1393258364921,NaN,AM2315
1393258365042,NaN,AM2315
1393258365473,NaN,AM2315
1393258366337,NaN,AM2315
1393258366496,70.52,55.6
1393258367029,NaN,AM2315
1393258367110,70.52,55.6
1393258367545,70.70,55.7
1393258367945,NaN,AM2315
1393258368127,NaN,AM2315
1393258368744,NaN,AM2315
1393258369628,NaN,AM2315
1393258369657,70.52,55.6
1393258369746,70.52,55.6
1393258369833,70.52,55.6
1393258370015,70.52,55.6
1393258370130,NaN,AM2315
1393258370412,NaN,AM2315
1393258371481,NaN,AM2315
1393258371510,NaN,AM2315
1393258371713,NaN,AM2315
1393258371819,70.52,55.6
1393258373137,70.70,55.6
1393258373533,70.70,55.7
1393258373597,NaN,AM2315
1393258373912,70.70,55.7
1393258373969,NaN,AM2315
1393258375434,NaN,AM2315
1393258375913,70.70,55.6
1393258376401,NaN,AM2315
1393258376431,NaN,AM2315
1393258376470,70.70,55.7
1393258376836,NaN,AM2315
1393258377008,NaN,AM2315
1393258377466,70.70,55.6
1393258377539,NaN,AM2315
1393258377733,NaN,AM2315
1393258377871,NaN,AM2315
1393258378215,NaN,AM2315
1393258378498,70.70,55.6
1393258378710,NaN,AM2315
1393258378931,NaN,AM2315
1393258379275,NaN,AM2315
1393258380163,NaN,AM2315
1393258380914,NaN,AM2315
1393258380985,70.70,55.6
1393258381156,70.70,54
1393258381282,NaN,AM2315
1393258381698,70.70,55.6
1393258382044,NaN,AM2315
1393258382310,70.70,55.6
1393258382556,NaN,AM2315
1393258383046,NaN,AM2315
1393258383227,NaN,AM2315
1393258383993,70.70,55.6
1393258384253,70.70,55.6
1393258384289,NaN,AM2315
1393258384425,NaN,AM2315
1393258384496,NaN,AM2315
1393258384945,NaN,AM2315
1393258385901,NaN,AM2315
1393258385945,NaN,AM2315
1393258385993,70.70,55.6
1393258386070,NaN,AM2315
1393258386217,NaN,AM2315
1393258386419,NaN,AM2315
1393258386475,NaN,AM2315
1393258386673,NaN,AM2315
1393258388168,NaN,AM2315
1393258388590,NaN,AM2315
1393258389111,70.70,55.6
1393258389178,NaN,AM2315
1393258389612,70.70,55.6
1393258390238,NaN,AM2315
1393258390495,NaN,AM2315
1393258390719,NaN,AM2315
1393258390935,70.70,55.6
1393258391189,NaN,AM2315
1393258391254,NaN,AM2315
1393258391352,32.00,44.9
1393258393153,NaN,AM2315
1393258394022,70.70,55.6
1393258394110,NaN,AM2315
1393258394310,NaN,AM2315
1393258394463,70.70,55.6
1393258394508,NaN,AM2315
1393258394584,NaN,AM2315
1393258395248,NaN,AM2315
1393258396278,NaN,AM2315
1393258396341,NaN,AM2315
1393258396394,70.70,55.6
1393258396525,NaN,AM2315
1393258396783,NaN,AM2315
1393258398644,70.70,55.6
1393258399313,NaN,AM2315
1393258399466,70.70,55.6
1393258399559,70.70,55.6
1393258399756,NaN,AM2315
1393258399861,70.70,55.6
1393258400021,NaN,AM2315
1393258400834,70.70,55.6
1393258401515,NaN,AM2315
1393258401811,NaN,AM2315
1393258401855,NaN,AM2315
1393258401914,NaN,AM2315
1393258402052,70.70,55.6
1393258402235,NaN,AM2315
1393258403820,70.70,55.5
1393258404378,NaN,AM2315
1393258404696,NaN,AM2315
1393258405067,NaN,AM2315
1393258405218,NaN,AM2315
1393258405491,NaN,AM2315
1393258405800,NaN,AM2315
1393258406384,NaN,AM2315
1393258406480,70.70,55.5
1393258406767,NaN,AM2315
1393258406856,NaN,AM2315
1393258406906,NaN,AM2315
1393258407179,70.70,55.5
1393258408303,70.70,55.5
1393258409232,70.70,55.5
1393258409506,70.70,55.5
1393258409687,70.70,55.5
1393258410394,NaN,AM2315
1393258411394,70.70,55.5
1393258411462,NaN,AM2315
1393258411652,NaN,AM2315
1393258411747,NaN,AM2315
1393258411797,70.70,55.5
1393258411876,NaN,AM2315
1393258412300,NaN,AM2315
1393258412722,NaN,AM2315
1393258413454,NaN,AM2315
1393258413628,NaN,AM2315
1393258413742,70.70,55.5
1393258413865,NaN,AM2315
1393258414293,NaN,AM2315
1393258414533,NaN,AM2315
1393258414716,NaN,AM2315
1393258414829,70.70,55.5
1393258415322,70.70,55.5
1393258415718,NaN,AM2315
1393258415990,NaN,AM2315
1393258416229,NaN,AM2315
1393258417068,NaN,AM2315
1393258417379,70.70,55.5
1393258418068,70.70,55.5
1393258418381,NaN,AM2315
1393258418719,70.70,55.5
1393258418771,NaN,AM2315
1393258419148,NaN,AM2315
1393258419249,NaN,AM2315
1393258419715,70.70,55.4
1393258420166,NaN,AM2315
1393258420610,NaN,AM2315
1393258420656,NaN,AM2315
1393258420810,NaN,AM2315
1393258420880,NaN,AM2315
1393258420981,70.70,55.4
1393258421165,NaN,AM2315
1393258422515,70.70,55.4
1393258423094,70.70,55.5
1393258423259,NaN,AM2315
1393258423459,NaN,AM2315
1393258423567,NaN,AM2315
1393258423613,70.70,55.5
1393258423785,NaN,AM2315
1393258424305,NaN,AM2315
1393258425360,70.70,55.5
1393258425390,NaN,AM2315
1393258425430,70.70,55.5
1393258425664,70.70,55.5
1393258425753,NaN,AM2315
1393258426942,NaN,AM2315
1393258427855,NaN,AM2315
1393258428083,NaN,AM2315
1393258428112,NaN,AM2315
1393258428192,NaN,AM2315
1393258428322,NaN,AM2315
1393258429929,70.70,55.4
1393258430266,70.70,55.4
1393258430818,NaN,AM2315
1393258430844,NaN,AM2315
1393258430919,70.70,55.4
1393258431107,70.70,55.4
1393258431253,NaN,AM2315
1393258431316,NaN,AM2315
1393258432241,70.70,55.4
1393258433356,NaN,AM2315
1393258433444,NaN,AM2315
1393258433490,70.70,55.4
1393258433534,NaN,AM2315
1393258433573,70.70,55.4
1393258435455,70.70,55.4
1393258436249,NaN,AM2315
1393258436295,70.70,55.4
1393258436377,NaN,AM2315
1393258436602,NaN,AM2315
1393258436855,70.70,55.4
1393258437599,70.70,55.4
1393258438301,NaN,AM2315
1393258438349,NaN,AM2315
1393258438552,NaN,AM2315
1393258438583,NaN,AM2315
1393258438632,NaN,AM2315
1393258438821,70.70,55.4
1393258439800,NaN,AM2315
1393258440430,NaN,AM2315
1393258440630,70.70,55.4
1393258440895,70.88,55.4
1393258441148,70.88,55.4
1393258442368,NaN,AM2315
1393258442961,NaN,AM2315
1393258443272,NaN,AM2315
1393258443650,NaN,AM2315
1393258443805,NaN,AM2315
1393258444032,NaN,AM2315
1393258445396,70.88,55.4
1393258445922,NaN,AM2315
1393258445955,70.70,55.4
1393258446032,70.70,55.4
1393258446079,NaN,AM2315
1393258446230,NaN,AM2315
1393258446289,257.00,99.9
1393258446366,NaN,AM2315
1393258446880,70.70,55.4
1393258447993,NaN,AM2315
1393258448066,32.00,44.7
1393258448242,70.88,55.4
1393258448399,5930.42,44.7
1393258450311,NaN,AM2315
1393258450661,NaN,AM2315
1393258451215,NaN,AM2315
1393258451314,70.88,55.4
1393258451670,NaN,AM2315
1393258452675,NaN,AM2315
1393258453046,NaN,AM2315
1393258453301,70.88,55.4
1393258453329,NaN,AM2315
1393258453481,NaN,AM2315
1393258453516,NaN,AM2315
1393258453580,NaN,AM2315
1393258453621,70.88,55.4
1393258453805,NaN,AM2315
1393258453839,NaN,AM2315
1393258455607,NaN,AM2315
1393258456654,70.88,55.4
1393258456743,NaN,AM2315
1393258456790,70.88,55.4
1393258457018,70.88,55.4
1393258457264,NaN,AM2315
1393258458683,70.70,55.4
1393258459767,NaN,AM2315
1393258459856,NaN,AM2315
1393258459946,70.70,55.4
1393258460223,NaN,AM2315
1393258461435,70.88,55.4
1393258462144,NaN,AM2315
1393258462316,70.70,55.4
1393258462398,NaN,AM2315
1393258462607,NaN,AM2315
1393258462677,NaN,AM2315
1393258462725,70.70,55.4
1393258462807,NaN,AM2315
1393258463070,NaN,AM2315
1393258464972,NaN,AM2315
1393258465197,70.70,55.4
1393258465616,70.70,55.4
1393258466026,NaN,AM2315
1393258466387,70.88,55.4
1393258466477,NaN,AM2315
1393258467776,NaN,AM2315
1393258468012,70.88,55.4
1393258468602,NaN,AM2315
1393258469533,NaN,AM2315
1393258469775,NaN,AM2315
1393258469951,NaN,AM2315
1393258470271,NaN,AM2315
1393258470755,70.70,55.4
1393258471035,NaN,AM2315
1393258471178,NaN,AM2315
1393258471251,NaN,AM2315
1393258471416,NaN,AM2315
1393258471715,70.70,55.4
1393258472320,NaN,AM2315
1393258472434,NaN,AM2315
1393258472995,NaN,AM2315
1393258473490,NaN,AM2315
1393258473762,5930.42,44.6
1393258474090,NaN,AM2315
1393258474350,NaN,AM2315
1393258474652,70.88,55.3
1393258474726,NaN,AM2315
1393258474826,70.88,55.4
1393258475031,NaN,AM2315
1393258475463,NaN,AM2315
1393258476033,NaN,AM2315
1393258476458,70.88,55.4
1393258476541,NaN,AM2315
1393258476864,NaN,AM2315
1393258477274,NaN,AM2315
1393258478161,NaN,AM2315
1393258478211,NaN,AM2315
1393258478411,NaN,AM2315
1393258478485,70.88,55.4
1393258478638,70.88,55.4
1393258479222,NaN,AM2315
1393258480361,70.70,55.4
1393258480434,NaN,AM2315
1393258480572,NaN,AM2315
1393258480625,NaN,AM2315
1393258480906,70.70,55.3
1393258482489,NaN,AM2315
1393258482954,NaN,AM2315
1393258483044,NaN,AM2315
1393258483173,70.88,55.4
1393258483237,NaN,AM2315
1393258483340,70.88,55.4
1393258483620,NaN,AM2315
1393258484349,70.70,55.4
1393258485357,NaN,AM2315
1393258485390,NaN,AM2315
1393258485460,NaN,AM2315
1393258485595,NaN,AM2315
1393258485822,NaN,AM2315
1393258486875,NaN,AM2315
1393258487900,NaN,AM2315
1393258488135,NaN,AM2315
1393258488228,NaN,AM2315
1393258488277,NaN,AM2315
1393258489766,70.88,53.7
1393258490072,70.88,55.3
1393258490611,NaN,AM2315
1393258490660,NaN,AM2315
1393258490744,NaN,AM2315
1393258491041,NaN,AM2315
1393258491178,NaN,AM2315
1393258491308,70.88,55.3
1393258491904,NaN,AM2315
1393258492540,NaN,AM2315
1393258492613,70.70,55.3
1393258492862,70.88,55.3
1393258493035,NaN,AM2315
1393258493280,NaN,AM2315
1393258493590,NaN,AM2315
1393258493912,NaN,AM2315
1393258494727,NaN,AM2315
1393258494887,NaN,AM2315
1393258495319,NaN,AM2315
1393258495855,70.88,55.3
1393258496287,NaN,AM2315
1393258496754,70.70,55.3
1393258497004,NaN,AM2315
1393258497124,NaN,AM2315
1393258497172,32.00,44.6
1393258497386,NaN,AM2315
1393258497861,32.00,44.6
1393258498559,NaN,AM2315
1393258498830,70.88,55.3
1393258499028,NaN,AM2315
1393258499142,NaN,AM2315
1393258500222,NaN,AM2315
1393258500696,NaN,AM2315
1393258501036,NaN,AM2315
1393258501109,NaN,AM2315
1393258502205,NaN,AM2315
1393258502911,70.88,55.3
1393258503062,70.88,55.3
1393258503338,NaN,AM2315
1393258503434,70.70,55.3
1393258503529,NaN,AM2315
1393258503582,70.88,55.3
1393258503954,NaN,AM2315
1393258504061,NaN,AM2315
1393258504447,NaN,AM2315
1393258504990,NaN,AM2315
1393258505053,NaN,AM2315
1393258505516,NaN,AM2315
1393258576900,70.88,55.4
1393258635763,70.70,55.4
1393261725606,70.52,55.3
1393261726051,NaN,AM2315
1393261726123,70.52,55.3
1393261726604,70.34,59.6
1393261727372,NaN,AM2315
1393261727408,NaN,AM2315
1393261727445,NaN,AM2315
1393261727485,NaN,AM2315
1393261727560,NaN,AM2315
1393261727607,NaN,AM2315
1393261727644,NaN,AM2315
1393261727830,NaN,AM2315
1393261727857,NaN,AM2315
1393261727945,69.26,59.3
1393261728007,NaN,AM2315
1393261728193,NaN,AM2315
1393261729228,NaN,AM2315
1393261729749,NaN,AM2315
1393261730200,NaN,AM2315
1393261730412,69.26,59.3
1393261730435,69.26,59.3
1393261730509,NaN,AM2315
1393261730555,NaN,AM2315
1393261732055,69.26,59.3
1393261732736,69.26,59.3
1393261732888,69.26,59.3
1393261733249,NaN,AM2315
1393261733771,69.26,59.3
1393261734516,69.44,59.3
1393261734672,NaN,AM2315
1393261734699,69.44,59.3
1393261734774,NaN,AM2315
1393261734910,NaN,AM2315
1393261734972,NaN,AM2315
1393261735112,NaN,AM2315
1393261735221,69.44,59.3
1393261736282,NaN,AM2315
1393261736940,NaN,AM2315
1393261737343,69.44,59.3
1393261737490,NaN,AM2315
1393261737900,NaN,AM2315
1393261738018,69.44,59.3
1393261738593,NaN,AM2315
1393261738926,NaN,AM2315
1393261739055,NaN,AM2315
1393261739412,NaN,AM2315
1393261739547,NaN,AM2315
1393261739956,69.26,59.3
1393261740476,NaN,AM2315
1393261740904,NaN,AM2315
1393261741320,NaN,AM2315
1393261741564,69.44,59.3
1393261741845,NaN,AM2315
1393261742143,NaN,AM2315
1393261742298,NaN,AM2315
1393261742552,NaN,AM2315
1393261742803,NaN,AM2315
1393261743234,NaN,AM2315
1393261744200,NaN,AM2315
1393261744287,NaN,AM2315
1393261744466,69.44,59.3
1393261744626,NaN,AM2315
1393261744914,69.44,59.3
1393261745545,NaN,AM2315
1393261745790,NaN,AM2315
1393261746245,NaN,AM2315
1393261746523,NaN,AM2315
1393261746642,NaN,AM2315
1393261747082,69.44,59.3
1393261747472,69.44,59.3
1393261748109,69.44,59.3
1393261748611,NaN,AM2315
1393261748838,NaN,AM2315
1393261748972,69.44,59.3
1393261749396,NaN,AM2315
1393261749471,NaN,AM2315
1393261749739,NaN,AM2315
1393261749815,NaN,AM2315
1393261750089,69.44,59.3
1393261750758,NaN,AM2315
1393261751341,NaN,AM2315
1393261751393,NaN,AM2315
1393261751491,NaN,AM2315
1393261751916,NaN,AM2315
1393261752874,NaN,AM2315
1393261753481,NaN,AM2315
1393261753760,NaN,AM2315
1393261753860,NaN,AM2315
1393261753992,NaN,AM2315
1393261754220,NaN,AM2315
1393261754721,69.44,59.3
1393261755742,69.44,59.3
1393261755773,NaN,AM2315
1393261755848,69.44,59.3
1393261755899,NaN,AM2315
1393261756048,32.00,49
1393261756109,NaN,AM2315
1393261756150,NaN,AM2315
1393261756345,NaN,AM2315
1393261757852,NaN,AM2315
1393261758534,NaN,AM2315
1393261758695,NaN,AM2315
1393261758952,69.44,59.3
1393261758998,NaN,AM2315
1393261759148,69.44,59.3
1393261759723,69.44,59.3
1393261760568,69.44,59.3
1393261760897,NaN,AM2315
1393261760981,69.44,59.3
1393261761022,NaN,AM2315
1393261761359,69.44,59.3
1393261763504,69.44,57.6
1393261763655,NaN,AM2315
1393261763969,69.44,59.3
1393261764535,NaN,AM2315
1393261764651,69.44,59.3
1393261764888,NaN,AM2315
1393261765286,253.76,99.9
1393261765383,NaN,AM2315
1393261765797,69.44,59.3
1393261766204,NaN,AM2315
1393261766556,69.44,59.3
1393261766822,NaN,AM2315
1393261767057,69.44,59.3
1393261767328,NaN,AM2315
1393261768351,69.44,59.3
1393261769148,69.44,59.3
1393261769378,NaN,AM2315
1393261769507,NaN,AM2315
1393261769715,NaN,AM2315
1393261769879,NaN,AM2315
1393261772369,NaN,AM2315
1393261772538,NaN,AM2315
1393261772749,NaN,AM2315
1393261773222,NaN,AM2315
1393261773302,NaN,AM2315
1393261773411,NaN,AM2315
1393261773690,NaN,AM2315
1393261773799,NaN,AM2315
1393261774389,NaN,AM2315
1393261774492,69.44,59.3
1393261774847,NaN,AM2315
1393261775041,NaN,AM2315
1393261775234,69.44,59.3
1393261775490,NaN,AM2315
1393261776169,69.44,59.3
1393261777119,NaN,AM2315
1393261777213,69.44,59.3
1393261777462,NaN,AM2315
1393261777658,NaN,AM2315
1393261777795,69.44,59.3
1393261778808,69.44,59.3
1393261779192,NaN,AM2315
1393261779256,69.44,59.3
1393261779302,69.44,59.3
1393261779593,NaN,AM2315
1393261779636,69.44,59.3
1393261779916,NaN,AM2315
1393261781208,NaN,AM2315
1393261781727,69.44,59.3
1393261782029,NaN,AM2315
1393261782207,69.44,59.3
1393261782692,NaN,AM2315
1393261782884,NaN,AM2315
1393261783057,NaN,AM2315
1393261783248,NaN,AM2315
1393261783750,69.44,59.3
1393261784318,NaN,AM2315
1393261785015,69.44,59.3
1393261785309,NaN,AM2315
1393261785448,NaN,AM2315
1393261785756,NaN,AM2315
1393261786384,69.44,59.3
1393261786976,NaN,AM2315
1393261787005,NaN,AM2315
1393261787097,69.44,59.3
1393261787182,NaN,AM2315
1393261787359,NaN,AM2315
1393261787537,NaN,AM2315
1393261788617,NaN,AM2315
1393261789082,69.44,59.3
1393261789305,69.44,59.3
1393261789638,NaN,AM2315
1393261789684,NaN,AM2315
1393261789945,NaN,AM2315
1393261790458,69.44,59.3
1393261790783,NaN,AM2315
1393261791120,69.44,59.3
1393261791376,NaN,AM2315
1393261791407,NaN,AM2315
1393261791775,69.62,59.4
1393261792507,NaN,AM2315
1393261793430,NaN,AM2315
1393261793516,69.44,59.3
1393261793625,69.44,59.3
1393261793731,69.44,57.6
1393261794007,NaN,AM2315
1393261795487,69.44,59.3
1393261796427,NaN,AM2315
1393261796601,NaN,AM2315
1393261796650,NaN,AM2315
1393261796918,69.44,59.3
1393261797143,69.62,59.4
1393261798822,NaN,AM2315
1393261799185,69.62,59.4
1393261799371,NaN,AM2315
1393261799544,69.62,59.4
1393261800094,NaN,AM2315
1393261800191,69.62,59.4
1393261800731,NaN,AM2315
1393261800870,NaN,AM2315
1393261801512,69.44,59.3
1393261801641,NaN,AM2315
1393261802167,69.62,59.4
1393261802404,69.62,59.4
1393261802491,NaN,AM2315
1393261802790,NaN,AM2315
1393261803073,69.44,59.3
1393261803678,NaN,AM2315
1393261804592,69.44,59.3
1393261804719,NaN,AM2315
1393261804924,NaN,AM2315
1393261805132,NaN,AM2315
1393261805296,NaN,AM2315
1393261805795,69.44,59.3
1393261806688,69.44,59.3
1393261806752,NaN,AM2315
1393261806804,NaN,AM2315
1393261806881,69.44,59.3
1393261807116,NaN,AM2315
1393261807218,69.44,59.3
1393261808053,NaN,AM2315
1393261809168,NaN,AM2315
1393261809247,NaN,AM2315
1393261809287,NaN,AM2315
1393261809327,NaN,AM2315
1393261809484,NaN,AM2315
1393261811507,NaN,AM2315
1393261812007,NaN,AM2315
1393261812554,NaN,AM2315
1393261812644,NaN,AM2315
1393261812735,69.44,59.3
1393261813107,NaN,AM2315
1393261813279,NaN,AM2315
1393261813878,69.44,59.3
1393261814005,NaN,AM2315
1393261814209,NaN,AM2315
1393261814279,NaN,AM2315
1393261814448,NaN,AM2315
1393261814754,69.44,59.3
1393261815151,NaN,AM2315
1393261816054,NaN,AM2315
1393261816351,NaN,AM2315
1393261816919,NaN,AM2315
1393261817294,NaN,AM2315
1393261817529,NaN,AM2315
1393261817600,69.44,59.3
1393261817791,NaN,AM2315
1393261818644,NaN,AM2315
1393261819070,NaN,AM2315
1393261819275,NaN,AM2315
1393261819363,NaN,AM2315
1393261819504,NaN,AM2315
1393261819639,NaN,AM2315
1393261820174,69.44,59.3
1393261821140,NaN,AM2315
1393261821203,NaN,AM2315
1393261821249,NaN,AM2315
1393261821448,NaN,AM2315
1393261821479,NaN,AM2315
1393261821627,NaN,AM2315
1393261823423,NaN,AM2315
1393261823702,NaN,AM2315
1393261824341,NaN,AM2315
1393261824419,NaN,AM2315
1393261824902,69.44,59.3
1393261825467,69.44,59.3
1393261826103,NaN,AM2315
1393261826249,69.44,59.3
1393261826303,NaN,AM2315
1393261826720,NaN,AM2315
1393261826833,NaN,AM2315
1393261827236,NaN,AM2315
1393261827746,69.44,59.3
1393261828573,69.62,59.4
1393261828670,NaN,AM2315
1393261828788,NaN,AM2315
1393261828848,69.44,59.3
1393261829080,NaN,AM2315
1393261829268,NaN,AM2315
1393261829338,69.62,59.4
1393261829775,69.44,59.3
1393261830628,NaN,AM2315
1393261831399,NaN,AM2315
1393261831585,NaN,AM2315
1393261831694,NaN,AM2315
1393261831809,NaN,AM2315
1393261831998,NaN,AM2315
1393261832199,NaN,AM2315
1393261832579,69.44,59.3
1393261833208,NaN,AM2315
1393261833544,NaN,AM2315
1393261833571,69.44,59.3
1393261833834,NaN,AM2315
1393261833889,NaN,AM2315
1393261834181,NaN,AM2315
1393261835548,NaN,AM2315
1393261836020,NaN,AM2315
1393261836071,69.62,59.4
1393261836241,NaN,AM2315
1393261836462,NaN,AM2315
1393261836990,69.62,59.4
1393261838073,NaN,AM2315
1393261838153,NaN,AM2315
1393261838243,69.44,59.3
1393261838333,69.44,59.3
1393261838520,NaN,AM2315
1393261838652,NaN,AM2315
1393261839927,NaN,AM2315
1393261840385,NaN,AM2315
1393261840414,NaN,AM2315
1393261840455,69.62,59.3
1393261840725,NaN,AM2315
1393261840920,NaN,AM2315
1393261842523,NaN,AM2315
1393261843288,NaN,AM2315
1393261843382,69.44,59.3
1393261843460,NaN,AM2315
1393261843681,NaN,AM2315
1393261843730,69.44,59.3
1393261843824,69.44,59.3
1393261844622,69.44,59.3
1393261845655,NaN,AM2315
1393261845789,NaN,AM2315
1393261845848,69.44,59.3
1393261846081,69.44,59.3
1393261846205,NaN,AM2315
1393266807291,69.44,59.3
1393267407224,69.44,63.6
1393268007319,67.28,63.4
1393268607418,66.92,63.9
1393269207519,66.56,64.8
1393269807641,66.20,64.5
1393270407709,66.38,63.5
1393271007890,66.92,62.5
1393271607920,67.46,62.3
1393272208018,67.64,61.8
1393272808128,68.18,59
1393273408218,69.26,57.5
1393274008317,70.16,59.5
1393274608419,69.44,60.1
1393275208523,69.08,59.4
1393275808617,69.08,61.9
1393276408722,68.36,63.1
1393277783843,67.82,64.1
1393278383767,67.64,65.8
1393278983850,66.92,66
1393279583951,66.92,66.2
1393280184050,66.74,66.6
1393280784160,66.74,66.5
1393281384240,66.56,66.8
1393281984369,66.38,66.7
1393282584441,66.56,66.9
1393283184529,66.38,67
1393283784641,66.38,67.3
1393284384741,66.38,67.4
1393284984807,66.38,67.5
1393285584900,66.38,67.5
1393286185002,66.38,67.6
1393286785010,66.38,68.1
1393287385099,66.20,68
1393287985203,66.20,68.3
1393288585300,66.20,68.4
1393289185390,66.20,68.6
1393289785495,66.02,68.7
1393290385621,66.20,68.8
1393290985690,66.02,69.1
1393291585773,66.02,69.3
1393292185882,65.84,69.7
1393292785962,65.84,69.9
1393293386052,65.66,70.4
1393293986166,65.48,70.3
1393294586251,65.48,70.3
1393295186348,65.30,70.4
1393295786431,65.30,71.1
1393296386511,65.12,70.7
1393296986610,65.48,71.1
1393297586715,65.48,74
1393298186810,65.66,70.2
1393298786921,66.56,67.3
1393299386990,68.18,66.2
1393299987102,69.26,65.3
1393300587201,69.98,64.5
1393301187322,70.70,63.9
1393301787423,71.24,63.3
1393302387520,71.60,62.7
1393302987528,72.32,61.8
1393303587645,73.04,61.5
1393304187742,73.04,61.9
1393304787823,73.22,61.4
1393305387936,73.76,61.7
1393305988042,73.94,61.3
1393306818379,74.30,61.4
1393306868244,74.48,60.8
1393308198567,74.84,60.9
1393308248434,74.84,61.3
1393308298483,75.20,61.4
1393308348515,75.20,61.4
1393308398555,75.20,61.4
1393308448594,75.20,61.4
1393309385651,75.20,61.4
1393309435570,75.20,61.1
1393309485601,75.74,61.3
1393309535610,75.74,61.3
1393309585662,75.74,61.5
1393309635705,75.74,61.3
1393309685727,75.74,61.3
1393309735837,75.74,61.3
1393309785837,75.74,61.3
1393309835852,75.74,61.3
1393309885892,75.92,61.3
1393309935934,75.92,61.3
1393309985984,75.92,61.3
1393310036044,75.74,61.3
1393310086065,75.92,61.3
1393310136103,75.92,61.3
1393310186131,75.92,61.2
1393310236171,75.92,61.2
1393310286211,76.10,61.4
1393310336265,76.10,61.4
1393310386291,75.92,61.3
1393310436341,76.10,61.4
1393310486387,75.92,61.3
1393310878267,76.10,61.3
1393311488640,76.10,61.3
1393311638586,76.10,61.4
1393311788663,76.28,61.4
1393311938781,76.10,61.4
1393312088860,76.28,61.4
1393312233645,76.28,61.5
1393312383563,76.46,61.5
1393312533685,76.46,61.4
1393312683776,76.46,60.5
1393312833881,76.46,60.6
1393312983990,76.28,60.6
1393313134083,76.28,60.8
1393313284171,76.28,61
1393313434291,76.10,61
1393313584382,76.10,61.2
1393313734486,75.92,61.7
1393313884512,75.38,63.1
1393314034621,74.84,64.3
1393314184712,74.30,65.4
1393314334821,73.76,66
1393314484910,73.58,66.6
1393314635021,73.22,67.1
1393314785125,72.86,67.5
1393314935211,72.50,68
1393315085339,72.50,68.4
1393315235441,72.14,68.5
1393315385463,71.96,68.3
1393315985562,71.78,68.6
1393316585669,71.60,69.4
1393317185783,71.06,70.2
1393317785861,70.52,70.6
1393318385966,69.98,71.1
1393318986065,69.80,71.4
1393319586167,69.44,71.5
1393320186242,69.08,69.6
1393320786343,68.54,70.7
1393321386443,68.18,71.2
1393321986556,67.82,71.2
1393322586645,67.64,71.6
1393323186726,67.28,72.1
1393323786845,67.10,72.8
1393324386942,66.92,73.5
1393324987045,66.74,73.5
1393325587147,66.38,73.6
1393326187245,66.20,74.3
1393326787341,66.02,74.5
1393327387443,65.84,74.7
1393327987543,65.84,75
1393328587625,65.48,75.2
1393329187742,65.30,75.5
1393329787845,65.30,75.8
1393330387984,64.94,76
1393330988041,64.76,76
1393331588146,64.58,75.9
1393332188243,64.40,76.1
1393332788343,64.40,76.2
1393333388486,64.22,76.6
1393333988565,64.04,76.8
1393334588646,63.86,77
1393335188741,63.68,77
1393335788784,63.68,77
1393336388863,63.50,77
1393336988985,63.32,77.1
1393337589072,63.14,77.4
1393338189185,63.14,77.6
1393338789283,62.96,77.9
1393339389344,62.78,78.3
1393339989447,62.78,78.4
1393340589548,62.78,78.5
1393341189643,62.78,78.5
1393341789746,62.60,78.2
1393342389835,62.60,78.2
1393342989943,62.60,78.1
1393343590047,62.60,78
1393344190144,62.42,77.7
1393344790244,62.60,76.9
1393345390365,62.60,76.7
1393345990435,62.78,76.6
1393346590533,62.78,76.2
1393347190646,62.96,75.9
1393347790750,63.14,75.3
1393348390842,63.32,74.8
1393348990945,63.68,73.3
1393349591063,64.40,73.5
1393350191146,65.30,73.6
1393350791245,65.84,71.8
1393351391324,66.74,70.8
1393351991424,67.28,69
1393352591515,68.00,68.4
1393353191604,68.00,68
1393353791704,68.00,68.6
1393354391803,68.00,68.1
1393354991908,68.00,68.8
1393355591984,67.64,70.1
1393356192085,67.10,70.3
1393356792183,67.10,69.1
1393357392287,67.82,67.2
1393357992385,68.54,67.6
1393358592486,68.54,65.9
1393359192586,69.44,64.5
1393359792686,69.80,59.8
1393360392787,71.42,62.5
1393360992924,70.70,63.3
1393361593002,70.52,63.1
1393362193085,70.52,67.3
1393362793178,68.90,76.1
1393363393275,69.98,73.4
1393363993362,69.98,71.9
1393364593491,69.80,72.7
1393365193568,69.62,74
1393365793667,69.26,72.4
1393366393765,69.44,73.2
1393366993868,68.54,73.8
1393367593955,68.18,73.7
1393368194066,68.00,73.9
1393368794164,67.64,74.4
1393369478134,67.28,74.6
1393369528035,67.10,75.1
1393369618305,66.92,74.9
1393369668173,66.92,75
1393369843623,66.92,75
1393369893502,66.92,75.1
1393369989684,66.74,75.2
1393370039578,66.74,75.1
1393370089578,66.74,75.1
1393370139627,66.74,75
1393370189665,66.74,75.1
1393370239706,66.74,75.2
1393370353986,66.74,75.2
1393370953925,66.74,75.2
1393371206242,66.56,75.7
1393371265953,66.38,75.8
1393371449822,66.38,75.8
1393371750763,66.38,75.9
1393372189803,66.38,76.1
1393372292517,66.38,76.1
1393372892453,66.38,76.2
1393373492541,66.38,76.7
1393374092641,66.20,77.3
1393374692724,66.02,77.2
1393375292842,66.20,77.6
1393375892931,66.02,78
1393376493043,65.84,78.3
1393377093145,65.48,77.8
1393377693172,65.84,78.3
1393378293273,65.48,78.7
1393378893376,65.30,78.4
1393379493461,65.30,78.7
1393380093552,65.12,79.2
1393380693663,64.76,78.8
1393381293753,64.94,79
1393381893861,64.76,79.1
1393382493964,64.40,78.6
1393383094063,64.58,79.1
1393383694151,64.40,79.1
1393384294234,64.22,78.8
1393384894341,64.40,79
1393385494442,64.04,78.7
1393386094560,64.04,78.7
1393386694646,64.04,79.2
1393387294744,63.68,78.8
1393387894839,64.04,79.1
1393388494943,63.68,79.2
1393389095042,63.86,79.2
1393389695145,64.04,79.3
1393390295241,64.04,78.8
1393390895341,64.22,79
1393391495444,64.04,76.7
1393392095554,65.84,72.7
1393392695644,68.18,68.1
1393393295744,69.80,68.6
1393393895851,70.34,68.3
1393394495921,70.88,67.7
1393395096045,71.24,68.7
1393395696141,70.88,68.9
1393396296226,70.88,68.1
1393396896343,71.06,67.9
1393397496444,71.60,68.1
1393398096543,71.60,68.1
1393398696642,71.78,66.8
1393399296732,71.78,66.5
1393399896869,71.60,66
1393400496940,71.60,65.5
1393401097042,71.78,65.4
1393401697149,71.78,69.1
1393402297223,69.98,71.8
1393402897328,68.72,73.3
1393403497446,68.00,74.5
1393404097542,67.28,74.8
1393404697631,67.10,75.7
1393405297742,66.56,76.1
1393405897875,66.20,76.5
1393406497944,66.02,77
1393407098047,65.84,77.3
1393407698143,65.48,77.6
1393408298242,65.30,77.8
1393408898346,65.30,78
1393409498443,65.30,78.3
1393410098543,64.94,78.2
1393410698634,64.94,78.6
1393411298746,64.76,78.6
1393411898845,64.58,78.9
1393412498943,64.58,79.9
1393413099062,64.40,79
1393413699137,64.40,79.4
1393414299247,64.40,79
1393414899334,64.40,79.3
1393415499445,64.22,79.5
1393416099567,64.04,79.3
1393416699642,64.04,81.2
1393417299735,63.86,80.4
1393417899842,63.68,80.3
1393418499944,63.68,80.4
1393419100044,63.50,80.2
1393419700143,63.50,84.7
1393420300245,63.50,81.1
1393420900341,63.32,86.1
1393421500434,63.14,81.8
1393422100575,62.96,81.3
1393422700643,62.96,81.8
1393423300743,62.96,82
1393423900843,62.96,86.7
1393424500927,62.96,82.4
1393425101029,62.78,86.7
1393425701103,62.78,82.1
1393426301175,62.78,82.2
1393426901285,62.60,86.5
1393427501356,62.60,82.2
1393428101423,62.42,82
1393428701506,62.24,86.4
1393429301607,62.06,82.7
1393429901703,61.88,82.8
1393430501793,61.88,86.4
1393431101903,61.88,82.5
1393431702004,62.06,81.9
1393432302103,62.06,86.3
1393432902205,61.88,82.1
1393433502304,61.88,81.6
1393434102405,61.88,86.3
1393434702491,61.88,82
1393435302607,61.88,81.3
1393435902745,61.88,80.4
1393436502785,62.42,79.5
1393437102883,62.60,84.2
1393437702984,62.42,77.1
1393438303083,63.50,75.8
1393438903185,64.04,77.3
1393439503283,63.50,76.1
1393440103383,64.04,76.3
1393440703485,63.86,75.3
1393441303840,64.58,75.9
1393441903686,64.04,78.2
1393442503798,63.50,76.3
1393443103886,64.40,75.9
1393443703982,64.76,76.2
1393444304084,64.40,78
1393444904185,63.68,77.2
1393445504286,64.04,76.6
1393446104369,64.40,74.4
1393446704486,65.30,74.1
1393447304586,65.48,74.6
1393447904683,65.30,74.6
1393448504786,65.84,72.6
1393454190862,66.56,70.8
1393454790784,67.64,73.2
1393455390861,65.66,73.5
1393455990970,65.30,74.2
1393456591064,64.94,73.9
1393457191165,64.94,73.9
1393457791191,64.76,74.1
1393458391306,64.58,74.7
1393458991392,64.22,74.9
1393459591503,64.04,75.2
1393460191593,63.86,74.9
1393460791702,64.04,74.9
1393461391803,63.86,75
1393461991905,63.68,73.5
1393462592011,64.58,73.1
1393463192113,64.76,72.9
1393463792201,64.76,73.7
1393464392302,64.40,74.2
1393464992400,64.04,74.6
1393465592502,63.68,74.9
1393466192594,63.50,75.5
1393466792753,63.32,75.7
1393467392803,63.14,75.7
1393467992904,63.14,75.8
1393468593004,63.14,75.8
1393469193103,62.96,75.7
1393469793203,62.96,75.7
1393470393294,62.78,75.7
1393470993424,62.78,75.7
1393471593502,62.78,75.7
1393472193636,62.78,75.7
1393472793692,62.78,75.7
1393473393804,62.78,75.7
1393473993905,62.60,75.6
1393474593984,62.60,75.6
1393475194103,62.60,75.6
1393475794193,62.60,75.6
1393476416912,62.60,75.6
1393476417096,62.60,75.6
1393492538942,62.60,66.6
1393493138889,68.54,66.4
1393493738970,70.34,66.6
1393494339085,70.70,66.4
1393494939172,70.88,66.1
1393495539275,71.24,66
1393496139375,71.60,65.8
1393496739471,71.78,65.8
1393501992799,72.68,68.7
1393502292693,72.68,68
1393502592788,74.12,68.3
1393502892890,74.30,68.4
1393503192992,74.48,68.3
1393503493092,74.48,68.2
1393503793191,74.84,68.2
1393504093269,74.84,68.2
1393504393381,74.84,68.2
1393504693431,75.20,68
1393504993547,74.84,68
1393505293662,75.02,68
1393505593730,75.20,68.3
1393505893843,75.02,68.7
1393506193929,74.84,68.8
1393506494034,74.84,68.8
