Date, HumidityOut, HumidityIn
1392975252568,77.8,74.9
1392975302408,78,74.9
1392975454682,77.9,75.0
1392975504549,78,74.9
1392975654655,77.7,74.4
1392977555429,72.7,67.8
1392977705511,71,67.6
1392978455976,70.9,67.0
1392979586766,71,66.5
1392979736692,71,66.4
1392980036875,70.6,66.1
1392980186964,70.3,66.0
1392980337082,70.3,66.0
1392980487210,70.2,66.1
1392980637277,70.3,65.9
1392980787392,70.1,65.8
1392980937503,69.9,65.7
1392981087581,69.8,65.7
1392981237675,69.7,65.5
1392981387770,69.7,65.4
1392981537880,69.5,65.3
1392981838087,69.5,65.4
1392982138280,69.4,65.4
1392982288376,69.5,64.9
1392982588575,68.6,64.7
1392983038881,69.4,65.9
1392983188899,70,66.6
1392983338998,70.7,67.2
1392983489108,70.9,67.8
1392983639196,70.8,68.3
1392983789321,71.3,68.7
1392983939380,71.6,69.3
1392984239579,72.4,69.9
1392984389694,72.7,70.3
1392984689877,73.3,70.9
1392984839975,73.4,70.9
1392984990079,73.5,71.2
1392985140201,73.8,71.3
1392985290278,73.9,71.5
1392985440388,74,71.7
1392985590476,74.1,71.6
1392986040781,74.1,71.7
1392986190837,74.1,71.7
1392986791240,74.4,71.9
1392986941340,74.4,71.9
1392987091448,74.5,72.0
1392987241550,74.6,72.0
1392987541781,74.5,72.0
1392987691852,74.5,72.0
1392988142142,74.5,72.0
1392988292249,74.7,71.9
1392988442340,74.5,72.0
1392988592436,74.6,72.0
1392988742541,74.6,72.1
1392988892637,74.6,72.0
1392989042734,74.7,72.0
1392989192838,74.5,72.0
1392989342941,74.6,72.1
1392989943361,74.7,72.1
1392990093438,74.7,72.1
1392990243600,74.6,72.1
1392990393628,74.6,72.2
1392990543781,74.7,72.2
1392991294254,74.9,72.4
1392991444335,74.9,72.4
1392991594440,74.9,72.3
1392991744561,74.9,72.4
1392991894651,75,72.3
1392992044768,75,72.3
1392992194840,75.1,72.4
1392992344937,75,72.3
1392992645149,75.2,72.2
1392993095449,75.2,72.2
1392993545699,75.1,72.4
1392993845897,75.1,72.3
1392993996001,75.1,72.3
1392994146097,75.1,72.3
1392994296210,75,72.4
1392994446301,75,72.4
1392994596407,75,72.5
1392994746504,75,72.6
1392994896599,75,72.6
1392995046702,75,72.6
1392995196798,75,72.6
1392995346910,75,72.5
1392995497033,75.1,72.6
1392995647102,75.1,72.6
1392995797202,75.1,72.6
1392995947313,75.1,73.5
1392996097398,74.9,72.6
1392996397610,74.9,72.5
1392996547701,74.8,72.5
1392996697803,74.8,72.5
1392996847888,75,72.5
1392997148103,74.8,72.4
1392997298235,74.8,72.4
1392997448358,74.8,72.2
1392997598402,74.8,71.9
1392997748499,74.6,71.8
1392997898601,74.2,71.6
1392998048710,74,71.7
1392998198810,73.7,71.7
1392998348901,73.8,71.7
1392998499024,73.8,71.5
1392998649111,73.8,71.3
1392998799203,73.5,71.0
1392998949290,73,70.7
1392999099384,72.3,70.5
1392999399585,71.3,69.7
1392999549672,70.9,69.9
1392999699779,70.8,69.9
1392999849894,70.9,70.0
1392999999989,70.8,69.6
1393000150085,70.5,69.6
1393000450294,70,69.1
1393000600392,70,69.0
1393000900604,70.1,68.8
1393001050756,70.1,68.8
1393001200782,70.1,68.8
1393001350937,70.1,69.0
1393001651098,70.2,69.2
1393001951270,71.1,69.6
1393002101380,71.4,69.8
1393002251522,71.7,69.9
1393002401583,72,70.1
1393002551642,72.3,70.2
1393002851785,72.7,70.5
1393003001884,72.9,70.6
1393003302110,73.2,70.8
1393003452207,73.3,70.8
1393003752405,73.5,70.8
1393003902565,73.5,70.7
1393004202682,73.3,70.5
1393004652971,73,70.1
1393005253364,72.2,69.4
1393005403466,72.1,69.2
1393005553560,71.9,69.0
1393005703667,71.7,68.7
1393005853681,71.4,68.6
1393006003781,71.1,68.5
1393006153894,70.7,68.3
1393006303995,70.6,68.2
1393006454090,70.6,68.2
1393006904469,70.6,68.4
1393007354622,71.2,68.5
1393007504730,71.3,68.5
1393007654839,71.4,68.7
1393007955023,70.6,68.7
1393008405321,71.5,69.0
1393008555423,71.8,69.1
1393008705528,72,69.2
1393008855571,72.1,69.3
1393009005662,72.3,69.4
1393009155762,72.5,69.4
1393009305864,72.5,69.4
1393009455960,72.6,69.4
1393009756170,72.5,69.5
1393009906276,72.6,69.5
1393010056415,72.5,69.5
1393010206462,72.4,69.5
1393010356582,72.4,69.5
1393010506683,72.3,69.4
1393010656774,72.1,69.2
1393010806879,71.9,69.1
1393011257167,71.2,68.8
1393011557363,70.7,68.8
1393011857570,70.7,68.5
1393012157791,70.8,68.1
1393012307873,70.3,67.9
1393012457960,70,67.9
1393012608063,69.6,67.7
1393012758160,69.3,67.5
1393012908260,69,67.4
1393013208465,68.6,67.0
1393013508661,68.1,66.8
1393013693470,68.1,66.6
1393013843380,68,66.5
1393013993474,67.7,66.2
1393014293692,67.3,65.9
1393014443792,67.4,65.7
1393014593878,67.5,65.7
1393014744008,67.4,65.6
1393014894077,67.5,65.6
1393015044210,67.5,65.7
1393015194278,67.6,66.0
1393015344377,68,65.9
1393015494479,67.4,65.8
1393015644606,67.1,65.7
1393015794708,66.9,65.4
1393016094875,67,65.0
1393016244978,66.8,64.7
1393016395084,66.4,64.4
1393016545184,66.1,64.3
1393016695279,66.1,64.3
1393016995485,66.5,64.5
1393017145624,66.8,64.7
1393017295686,66.9,64.9
1393017595878,67.5,65.3
1393017896078,67.8,65.6
1393018046178,68,65.8
1393018196286,68.3,65.9
1393018346383,68.5,66.1
1393018496480,68.7,66.3
1393018646587,68.8,66.5
1393018796685,68.9,66.7
1393018946785,69.1,66.8
1393019096878,69.3,66.9
1393019397076,69.5,67.1
1393019547176,69.6,67.2
1393019697297,69.8,67.2
1393019847376,69.9,67.2
1393020297687,70,67.4
1393020748006,70.1,67.4
1393020898154,70.3,67.4
1393021048197,70.3,67.4
1393021198278,70.3,67.3
1393021348380,70.4,67.3
1393021498494,70.3,67.3
1393021648594,70.3,67.3
1393021948780,70.3,67.3
1393022098877,70.5,67.3
1393022248980,70.5,67.4
1393022399057,70.4,67.4
1393022549144,70.4,67.4
1393022699245,70.3,67.4
1393022849363,70.3,67.3
1393022999447,70.2,67.3
1393023299646,70.2,67.3
1393023449739,70.2,67.3
1393023749945,70.2,67.3
1393023900037,70.3,67.2
1393024050168,70.3,67.2
1393024200247,70.4,67.3
1393024650571,70.4,67.3
1393024800635,70.5,67.3
1393025100822,70.5,67.3
1393025250897,70.5,67.3
1393025401000,70.5,67.3
1393025551102,70.5,67.3
1393025851311,70.5,67.3
1393026001406,70.5,67.2
1393026151499,70.5,67.2
1393026301605,70.5,67.2
1393026751919,70.5,67.3
1393026902034,70.5,67.4
1393027052106,70.5,67.4
1393027202201,70.5,67.5
1393027352297,70.5,67.6
1393027652510,70.5,67.4
1393027802627,70.5,67.4
1393028102779,70.5,67.8
1393028402990,70.7,68.0
1393028553070,71,68.1
1393028703190,71.1,68.2
1393028853308,71.3,68.3
1393029003387,71.4,68.4
1393029153480,71.4,68.5
1393029753890,71.9,68.8
1393029903982,72,68.9
1393030054069,72,68.9
1393030204182,72.2,69.0
1393030354280,72.2,69.1
1393030504369,72.3,69.2
1393030654468,72.5,69.3
1393031254895,72.8,69.5
1393031404979,72.8,69.5
1393031555116,72.8,69.6
1393031705190,72.8,69.6
1393031855268,72.9,69.7
1393032005411,73,69.8
1393032155488,73.1,69.9
1393032305575,73.2,69.9
1393032455676,73.3,70.0
1393032605815,73.3,70.1
1393032755878,73.4,70.2
1393032905987,73.4,70.2
1393033056079,73.5,70.3
1393033206185,73.5,70.4
1393033356290,73.6,70.5
1393033506386,73.7,70.6
1393033656489,73.8,70.7
1393033956719,73.9,70.5
1393034106792,73.9,70.2
1393034256882,73.6,70.0
1393034557079,73.1,69.1
1393034707181,72.7,68.7
1393034857291,72.4,68.1
1393035007382,71.9,67.7
1393035157498,71.3,67.2
1393035457687,71.1,66.6
1393035607799,71.1,66.2
1393035757888,70.4,66.0
1393035908011,70.1,65.9
1393036058108,69.9,65.6
1393036208247,69.6,65.5
1393036358304,69.5,65.4
1393036508422,69.3,65.1
1393036658486,69,65.1
1393036808581,68.9,64.9
1393036958679,68.8,64.8
1393037108780,68.6,64.6
1393037408982,68.6,64.3
1393037559092,68.7,64.3
1393037709181,68.7,64.3
1393038609491,68.7,64.0
1393039209589,68.2,73.3
1393039809672,77.2,76.4
1393040409779,81,76.9
1393041610001,83.9,81.8
1393042210087,85.6,82.4
1393042810193,85.9,82.4
1393043410278,85.4,82.0
1393044610461,83.2,80.9
1393045210572,83.2,80.3
1393046410778,82.7,79.3
1393047010870,82,78.9
1393047610989,81.5,78.5
1393048211059,81.2,78.3
1393049411270,80.6,77.5
1393050611469,80.2,77.4
1393051211566,80.1,77.3
1393052411756,79.7,76.9
1393053011866,79.6,77.0
1393053612027,79.6,76.8
1393054212091,79.5,76.8
1393055412258,79.5,76.6
1393056612472,79.3,76.5
1393057212566,79.1,76.5
1393057812657,79.2,76.4
1393059612971,78.5,75.8
1393060213060,78.5,75.8
1393060813239,78.7,75.8
1393061413271,78.7,75.8
1393062013321,78.5,75.6
1393062613437,78.4,75.6
1393064413729,78.2,75.4
1393065613920,78.1,75.5
1393066214022,78.1,75.4
1393066814176,78.1,75.4
1393067414225,78,75.4
1393068014329,78.1,75.4
1393068614419,78,75.3
1393069214528,78,75.4
1393069814617,78.1,75.4
1393070414729,78.1,75.2
1393071014822,77.9,75.0
1393071614942,77.7,75.0
1393072215019,77.7,75.1
1393072815128,78,75.3
1393073415230,78,75.3
1393074015329,78.1,75.3
1393074615429,78.1,75.4
1393075215527,78.1,75.3
1393075815616,78.3,75.5
1393076415710,78.3,75.7
1393077615907,78.8,75.9
1393078215961,78.6,75.7
1393078816079,78.6,75.6
1393079416173,78.6,75.5
1393080016259,78.4,75.6
1393080616362,78.5,75.9
1393081816561,78.8,76.0
1393082416723,78.8,76.0
1393083016758,78.8,75.6
1393083616859,78.4,75.5
1393086017260,74.7,71.6
1393086617360,72.9,70.8
1393087217469,72,71.0
1393088417663,72.7,71.5
1393090217962,74.9,72.2
1393090818071,74.9,72.3
1393091418170,75.4,71.7
1393092018262,74.5,71.1
1393092618361,73.7,70.6
1393094418667,73.7,71.2
1393095018759,73.3,71.4
1393095618896,74.6,72.0
1393096219019,75.4,72.1
1393096819082,75.5,71.8
1393097419170,75,71.2
1393098619390,73,69.4
1393099819565,70.7,67.9
1393100419679,69.4,71.2
1393101619861,80.9,75.4
1393102220037,77.8,75.2
1393102820071,77.3,74.3
1393103420169,76.8,73.5
1393104620375,76.7,74.1
1393105220475,77,74.1
1393105820572,76.9,74.1
1393106420669,76.8,74.0
1393107020773,76.7,74.0
1393107620869,76.7,73.9
1393108821084,76.7,73.4
1393109421159,76.4,73.4
1393111221467,76.6,73.6
1393111821554,76.6,73.7
1393112421675,76.5,73.8
1393113021774,76.6,74.0
1393113621888,76.6,74.0
1393114822070,77.2,74.4
1393115422171,77.3,74.4
1393116622373,77.2,74.7
1393117222479,77.5,74.7
1393119622868,78,75.4
1393120823075,78.3,75.9
1393121423196,78.5,76.0
1393122023271,78.9,76.1
1393123223473,79.3,76.4
1393123823564,79.5,76.5
1393124423715,79.7,76.6
1393125623872,79.9,76.7
1393126824077,80.1,76.9
1393128024268,80.2,77.0
1393128624371,80.2,77.0
1393129224471,80.2,77.0
1393129824575,80.2,77.0
1393130424669,80.3,77.0
1393131024768,80.2,76.9
1393132224986,80.3,77.1
1393132825072,80.3,76.9
1393133425188,80.2,76.9
1393136425672,80.1,76.8
1393137025775,80.1,76.8
1393137625888,80.1,76.7
1393138225973,80,76.7
1393138826063,80,76.6
1393139426198,80,76.5
1393140026260,80,76.5
1393142426674,79.8,76.4
1393143026790,79.8,76.3
1393143626872,79.6,76.3
1393144827061,79.6,76.1
1393145427171,79.5,76.2
1393146027293,79.5,76.1
1393146627376,79.5,76.0
1393147227472,79.3,75.9
1393147827597,79.4,75.9
1393148427669,79.4,75.9
1393149027771,79.3,75.9
1393149627919,79.3,75.9
1393150227976,79.3,75.7
1393151428168,79.2,75.6
1393152028265,79.2,75.6
1393152628408,79,75.6
1393155028775,79,75.5
1393156228968,79.1,75.5
1393157429176,79.1,75.5
1393158029271,79.3,75.6
1393159829569,79.6,75.7
1393160429745,79.6,75.7
1393161029771,79.6,75.7
1393161629869,79.6,75.7
1393162229975,79.6,75.9
1393164030269,79.6,76.2
1393165230474,80,76.6
1393165830572,80.2,76.7
1393166430671,80.4,76.8
1393167030775,80.6,76.8
1393168230972,80.7,76.9
1393168831070,80.7,77.0
1393169431198,80.7,76.9
1393170031272,80.7,76.9
1393170631444,80.5,76.8
1393173031781,79.9,75.8
1393173631868,79.4,75.6
1393174231982,79,75.2
1393176032271,77.5,73.9
1393177232472,76.1,72.5
1393177832571,75.2,71.1
1393178432672,73.1,70.7
1393179032772,73.2,70.8
1393181433170,74.2,71.0
1393182033269,74.8,71.2
1393183233477,75,70.7
1393183833570,74.2,70.1
1393185033796,71.7,68.5
1393188034257,67.5,65.4
1393189234480,68.4,66.2
1393189834551,68.9,66.7
1393190434657,70.1,67.4
1393191034777,70.2,67.8
1393192234953,71.5,68.9
1393193435150,72.4,69.6
1393194635350,72.8,69.7
1393196435675,73.1,70.0
1393197035753,73.3,70.2
1393197635854,73.5,70.4
1393198836051,73.8,70.5
1393199436162,73.9,70.6
1393200036241,74,70.7
1393200636349,74.2,70.9
1393201236469,74.4,71.0
1393201836588,74.5,71.3
1393202436659,74.7,71.4
1393203036771,74.8,71.6
1393203636876,75,71.8
1393204236950,75.3,72.0
1393204837049,75.4,72.2
1393205437151,75.4,80.9
1393207837553,77.4,74.0
1393209037826,78.7,74.1
1393209637851,78.4,72.1
1393210237949,76.1,70.3
1393213188195,73.6,67.6
1393213252751,70.6,67.2
1393213377025,71.1,67.1

