Date, HumidityOut, HumidityIn
1393267407794,63.6,58.6
1393268007889,63.4,58.1
1393268608002,63.9,58.9
1393269208088,64.8,57.7
1393269808210,64.5,58.1
1393271008462,62.5,58.2
1393272208590,61.8,56.9
1393274608986,60.1,57.3
1393275209092,59.4,58.2
1393278384334,65.8,59.2
1393278984423,66,60.1
1393280784728,66.5,60.5
1393281984935,66.7,61.0
1393283185101,67,60.8
1393283785210,67.3,60.1
1393284385312,67.4,60.5
1393285585474,67.5,60.4
1393286185572,67.6,61.2
1393286785582,68.1,60.3
1393287385669,68,61.4
1393287985775,68.3,60.5
1393289185962,68.6,60.7
1393289786065,68.7,61.5
1393290386203,68.8,61.1
1393290986259,69.1,61.6
1393291586343,69.3,61.5
1393292186449,69.7,61.6
1393292786532,69.9,61.8
1393293986734,70.3,62.3
1393294586822,70.3,61.5
1393296387080,70.7,63.7
1393297587285,74,63.4
1393298187383,70.2,64.0
1393299987668,65.3,63.4
1393300587771,64.5,62.9
1393301787994,63.3,62.7
1393302388092,62.7,62.5
1393303588212,61.5,62.0
1393304188309,61.9,62.0
1393304788390,61.4,62.0
1393305988611,61.3,62.0
1393306818968,61.4,61.8
1393306868845,60.8,61.7
1393308199147,60.9,61.7
1393308249033,61.3,61.6
1393308299054,61.4,61.7
1393308399126,61.4,61.7
1393308449165,61.4,61.7
1393309536181,61.3,61.7
1393309586236,61.5,61.8
1393309636278,61.3,61.7
1393309736411,61.3,61.7
1393309836423,61.3,61.6
1393309886462,61.3,61.6
1393309986558,61.3,61.6
1393310036618,61.3,61.6
1393310086638,61.3,61.6
1393310136675,61.3,61.5
1393310186702,61.2,61.6
1393310236743,61.2,61.7
1393310386863,61.3,61.6
1393310436912,61.4,61.6
1393311489218,61.3,61.6
1393311789234,61.4,61.6
1393311939352,61.4,61.6
1393312089433,61.4,61.6
1393312234224,61.5,61.7
1393312384134,61.5,61.5
1393312534259,61.4,61.3
1393312684346,60.5,61.1
1393312834452,60.6,61.0
1393313134659,60.8,61.1
1393313584956,61.2,61.6
1393313885085,63.1,62.8
1393314035193,64.3,63.5
1393314185282,65.4,64.2
1393314485483,66.6,65.5
1393314785698,67.5,66.0
1393314935783,68,66.3
1393315236013,68.5,66.9
1393315386031,68.3,67.1
1393315986133,68.6,67.8
1393316586249,69.4,67.9
1393317186356,70.2,68.1
1393317786432,70.6,68.3
1393318386533,71.1,68.2
1393318986633,71.4,68.3
1393319586737,71.5,66.9
1393320186813,69.6,66.7
1393320786911,70.7,67.1
1393321387016,71.2,67.3
1393321987131,71.2,67.6
1393323787415,72.8,68.5
1393324387514,73.5,68.8
1393324987616,73.5,68.9
1393325587718,73.6,69.1
1393326187817,74.3,69.6
1393326787917,74.5,69.9
1393327388014,74.7,70.0
1393327988116,75,70.1
1393329188314,75.5,70.2
1393330388556,76,70.4
1393330988613,76,70.2
1393331588718,75.9,70.1
1393332188812,76.1,70.1
1393332788912,76.2,70.4
1393335189313,77,70.8
1393335789355,77,70.6
1393336389438,77,70.6
1393338789857,77.9,71.6
1393339389916,78.3,71.6
1393339990020,78.4,71.7
1393341190217,78.5,71.9
1393342990517,78.1,71.5
1393343590619,78,71.4
1393344790816,76.9,70.5
1393346591106,76.2,70.1
1393347791320,75.3,68.9
1393348391414,74.8,68.2
1393349591633,73.5,68.7
1393350191722,73.6,68.9
1393351991996,69,66.8
1393352592087,68.4,66.6
1393353192173,68,66.6
1393353792276,68.6,66.7
1393354392380,68.1,66.9
1393354992483,68.8,67.0
1393355592557,70.1,66.9
1393356192662,70.3,66.2
1393356792756,69.1,65.6
1393357392864,67.2,65.6
1393358593058,65.9,64.1
1393359793258,59.8,62.7
1393360393360,62.5,62.1
1393362793754,76.1,68.6
1393363393851,73.4,68.9
1393363993935,71.9,69.4
1393364594065,72.7,69.5
1393365194143,74,69.2
1393365794238,72.4,69.0
1393366394343,73.2,69.7
1393366994444,73.8,69.7
1393367594528,73.7,69.8
1393368794736,74.4,70.4
1393369668744,75,70.6
1393369894078,75.1,70.7
1393369990270,75.2,70.7
1393370040153,75.1,70.6
1393370090155,75.1,70.6
1393370190240,75.1,70.7
1393370240289,75.2,70.6
1393370954492,75.2,70.8
1393371206845,75.7,71.0
1393371266529,75.8,71.0
1393371450407,75.8,71.1
1393371751353,75.9,71.3
1393372190393,76.1,71.3
1393372293097,76.1,71.3
1393372893051,76.2,71.6
1393373493109,76.7,72.1
1393374693297,77.2,71.4
1393375293415,77.6,72.2
1393375893502,78,72.5
1393377093716,77.8,71.8
1393377693745,78.3,72.6
1393378293841,78.7,70.9
1393378893949,78.4,71.5
1393379494034,78.7,72.5
1393380094122,79.2,71.0
1393381294324,79,72.0
1393381894432,79.1,70.6
1393383094636,79.1,71.3
1393383694724,79.1,70.4
1393384294808,78.8,71.5
1393384894912,79,70.2
1393385495014,78.7,70.3
1393386095132,78.7,70.7
1393386695217,79.2,69.6
1393387295315,78.8,70.6
1393387895414,79.1,70.0
1393388495514,79.2,70.5
1393389095610,79.2,71.2
1393389695712,79.3,70.0
1393390295813,78.8,70.8
1393390895912,79,70.6
1393391496016,76.7,69.3
1393392696218,68.1,70.7
1393393296313,68.6,71.7
1393393896422,68.3,70.8
1393394496492,67.7,70.5
1393395096664,68.7,68.9
1393395696713,68.9,69.2
1393397497015,68.1,67.6
1393400497513,65.5,66.5
1393401097613,65.4,68.9
1393402897904,73.3,73.5
1393404098114,74.8,73.3
1393405298313,76.1,73.3
1393406498536,77,73.5
1393407098616,77.3,73.4
1393407698716,77.6,73.7
1393408298811,77.8,74.0
1393408898914,78,73.6
1393409499015,78.3,73.1
1393410099116,78.2,73.4
1393410699203,78.6,73.3
1393411299318,78.6,73.0
1393413099635,79,73.3
1393414299816,79,73.0
1393415500018,79.5,72.5
1393416100141,79.3,72.7
1393416700214,81.2,72.4
1393417900415,80.3,72.4
1393418500521,80.4,72.4
1393419100612,80.2,72.2
1393419700712,84.7,72.4
1393420900913,86.1,72.5
1393422701218,81.8,72.6
1393423301313,82,73.3
1393423901415,86.7,72.8
1393424501498,82.4,73.0
1393425101598,86.7,72.7
1393428101996,82,72.9
1393428702076,86.4,72.4
1393430502366,86.4,72.1
1393431102476,82.5,72.2
1393432902778,82.1,72.0
1393434102979,86.3,71.5
1393434703065,82,71.7
1393435303179,81.3,71.2
1393435903318,80.4,70.6
1393436503355,79.5,71.1
1393437103457,84.2,69.8
1393437703558,77.1,69.2
1393438303658,75.8,69.8
1393439503855,76.1,69.3
1393440103956,76.3,69.5
1393441304414,75.9,70.3
1393441904259,78.2,70.1
1393442504381,76.3,70.4
1393443104463,75.9,70.3
1393443704552,76.2,70.6
1393445504858,76.6,69.5
1393446705058,74.1,69.4
1393448505358,72.6,69.3
1393454191438,70.8,68.7
1393454791382,73.2,68.1
1393455391431,73.5,67.3
1393455991574,74.2,67.7
1393457191736,73.9,67.3
1393457791763,74.1,66.7
1393458391880,74.7,67.2
1393458991993,74.9,68.0
1393459592072,75.2,67.0
1393460192165,74.9,66.2
1393460792270,74.9,67.2
1393461392370,75,66.4
1393461992473,73.5,65.6
1393463192686,72.9,66.8
1393463792773,73.7,65.9
1393464392903,74.2,65.6
1393464992972,74.6,66.2
1393465593073,74.9,66.9
1393466193165,75.5,66.1
1393466793326,75.7,65.5
1393467393371,75.7,65.2
1393467993475,75.8,65.0
1393468593572,75.8,64.8
1393469793776,75.7,66.3
1393470393865,75.7,65.5
1393470993995,75.7,65.0
1393471594071,75.7,64.6
1393472194210,75.7,64.3
1393472794274,75.7,65.5
1393473394375,75.7,65.6
1393473994481,75.6,64.7
1393474594560,75.6,64.2
1393475194673,75.6,63.9
1393475794764,75.6,64.8
1393494339652,66.4,65.2
1393494939742,66.1,65.1
1393495539845,66,65.1
1393496139945,65.8,65.0
1393501993386,68.7,66.7
1393502293293,68,66.0
1393502593359,68.3,66.0
1393502893462,68.4,65.9
1393503793758,68.2,65.8
1393504093840,68.2,65.7
1393504393952,68.2,65.4
1393505294230,68,65.4
1393505594303,68.3,65.4
1393506194502,68.8,65.6
1393506494605,68.8,65.6
1393749759226,72.7
1393750024521,72.7
1393750084194,72.7
1393750144277,72.7
1393750204303,72.7
1393750264346,72.7
1393750324413,72.7
1393750384426,73.6
1393750444456,73.3
1393750504513,73.2
1393750564553,73.3
1393750624604,72.8
1393750684656,72.7
1393750744695,72.7
1393750804753,72.7
1393750864796,72.7
1393750924856,72.7
1393750984874,72.7
1393751044916,72.7
1393751104952,72.7
1393751164996,72.7
1393751225043,72.7
1393751285093,72.7
1393751345152,72.7
1393751405175,72.7
1393751465216,72.7
1393751525256,72.7
1393751585293,72.5
1393751645348,72.3
1393751705386,72.3
1393751765432,72.2
1393751825513,72.2
1393751885546,72.3
1393751945586,72.2
1393752005643,72.2
1393752065696,72.1
1393752125726,72.1
1393752185766,72
1393752245836,71.9
1393752305876,71.8
1393752365915,71.9
1393752425957,72.1
1393752486003,72.5
1393752546056,72.5
1393752606093,72.4
1393752666135,72.4
1393752726175,72.5
1393752786216,72.9
1393752846256,73.1
1393752906293,73.4
1393752966326,73.6
1393753026366,73.7
1393753086406,73.9
1393753146465,74.1
1393753206506,74.2
1393753266576,74.3
1393753326636,74.4
1393753386656,74.6
1393753446695,74.7
1393753506755,74.8
1393753566773,74.8
1393753626832,75
1393753686865,75.1
1393753746913,75.2
1393753806963,75.2
1393753867013,75.4
1393753927064,75.4
1393753987116,75.3
1393754047136,75.4
1393754107196,75.5
1393754167307,75.5
1393754227293,75.6
1393754287336,75.6
1393754347398,75.7
1393754407466,75.7
1393754467478,75.6
1393754527516,75.6
1393754587534,75.7
1393754887705,75.7
1393755187736,75.8
1393755487836,76
1393755787936,76.1
1393756088017,76.2
1393756388113,76.3
1393756688155,76.2
1393756988252,76.3
1393757288368,76.2
1393757588452,76.3
1393757888553,76.1
1393758188675,76.2
1393758488755,76.2
1393758788853,76.2
1393759088953,76.2
1393759389046,76.2
1393759689153,75.5
1393759989252,75.2
1393760289356,74.8
1393760589456,74.4
1393760889553,74
1393761189656,73.8
1393761489773,74.1
1393761789855,74.2
1393762089956,74.4
1393762390072,74.4
1393762690153,74.5
1393762990256,74.3
03-02 04:26:16,74.1
03-02 04:31:16,75.6
03-02 04:36:16,74.9
03-02 04:41:16,72.5
03-02 04:46:17,72.4
1393842349569,84.3
1393842737256,84.4
1393842741946,84.7
1393842746936,84.8
1393842751933,84.8
1393842756935,84.8
1393843030997,84.8
1393843035344,84.9
1393843040272,84.9
1393843045276,84.9
1393843050275,84.9
1393843055273,84.9
1393843060275,84.9
1393843065276,84.9
1393843070272,84.9
1393843075275,84.9
1393843086026,84.9
1393843090713,84.8
1393843095726,84.9
1393843100707,84.9
1393843105726,84.8
1393843110716,84.9
1393843115712,84.9
1393843120715,84.9
1393843125712,84.8
1393843130725,84.9
1393843135723,84.8
1393843140726,85
1393843145723,84.8
1393843150723,84.8
1393843155732,85
1393843160732,84.8
1393843165736,84.8
1393843170732,84.8
1393843175732,84.8
1393843180743,85
1393843185746,84.8
1393843190732,85
1393843195736,85
1393843200808,84.8
1393843205765,84.8
1393843210814,85
1393843215831,84.8
1393843220746,84.8
1393843225752,85
1393843230755,85
1393843235755,84.9
1393843240766,85
1393843245755,84.9
1393843250752,85
1393843255756,85
1393843260755,85
1393843265753,84.9
1393843270783,84.9
1393843275752,84.9
1393843280766,84.9
1393843285766,84.9
1393843290763,85
1393843295766,84.9
1393843300763,84.9
1393843305772,84.9
1393843310792,84.9
1393843315772,84.9
1393843320772,84.9
1393843325776,84.9
1393843330786,84.9
1393843335786,85
1393843340805,84.9
1393843345803,84.9
1393843350775,84.9
1393843355782,84.9
1393843360794,84.9
1393843365792,84.9
1393843370796,84.9
1393843375795,84.9
1393843380795,84.9
1393843385795,84.9
1393843390792,84.9
1393843395792,84.9
1393843400806,84.9
1393843405803,84.9
1393843410807,84.9
1393843415802,84.9
1393843420806,84.9
1393843425812,84.9
1393843430815,84.9
1393843435812,84.9
1393843440815,84.9
1393843445817,84.9
1393843450812,84.9
1393843455815,84.9
1393843460824,84.9
1393843465846,84.9
1393843470884,84.9
1393843515369,84.9
1393843519783,84.9
1393843524755,84.9
1393843529703,84.9
1393843534722,84.9
1393843539706,84.9
1393843544702,84.9
1393843549712,84.9
1393843554703,84.9
1393843559715,84.9
1393843709803,84.9
1393843714516,85
1393843719475,85
1393844559626,85
1393844563937,85.1
1393844568926,85.2
1393844573866,85.2
1393844578863,85.2
1393844583866,85.2
1393844588872,85.2
1393844715283,85.2
1393844719976,85.2
1393844926767,85.2
1393845060079,85.1
1393845064496,85
1393845069492,85.1
1393845198467,85.1
1393845203025,85
1393845207994,85
1393845213003,85
1393845217993,85
1393845223012,85
1393845244566,85
1393845249276,85
1393845254243,85
1393845259253,85
1393850196414,85
1393850200774,80.7
1393850205695,81.1
1393850210747,81.1
1393850215695,81.1
1393850220693,81.1
1393850225706,81.1
1393850230702,81.1
1393850235723,81.1
1393850240703,81.1
1393850245715,81.1
1393850250707,81.1
1393850255712,81.1
1393850260715,81.1
1393850265714,81.1
1393850270712,81.1
1393850275716,81.1
1393850280716,81.1
1393850285712,81.1
1393850290716,81.1
1393850295723,81.1
1393850300716,81.1
1393850305723,81.1
1393850310725,81.1
1393850315732,81.1
1393850320737,81.1
1393850325733,81.1
1393850330731,81.1
1393850335739,81.1
1393850340736,81.1
1393850345732,81.1
1393850350752,81.1
1393850355756,81.1
1393850360763,81.1
1393850365746,81.1
1393850370757,81.1
1393850375746,81.2
1393850380752,81.1
1393850385755,81.1
1393850390753,81.1
1393850395752,81.1
1393850400756,81.1
1393850405752,81.1
1393850410766,81.1
1393850415762,81.1
1393850420775,81.2
1393850425765,81.1
1393850430778,81.2
1393850435765,81.1
1393850440775,81.2
1393850445763,81.2
1393850450766,81.2
1393850455763,81.2
1393850460766,81.2
1393850465772,81.2
1393850470776,81.2
1393850475783,81.2
1393850480794,81.2
1393850485776,81.2
1393850490773,81.2
1393850495775,81.2
1393850500772,81.2
1393850505786,81.2
1393850510807,81.2
1393850515777,81.2
1393850520794,81.2
1393850525782,81.2
1393850530793,81.2
1393850535782,81.2
1393850540795,81.2
1393850545793,81.2
1393850550792,81.2
1393850555785,81.2
1393850560792,81.2
1393850565796,81.2
1393850570795,81.3
1393850575783,81.2
1393850580804,81.2
1393850585803,81.2
1393850590803,81.2
1393850595807,81.2
1393850600804,81.3
1393850605805,81.2
1393850610814,81.3
1393850615812,81.3
1393850620818,81.2
1393850625813,81.3
1393850630814,81.3
1393850635826,81.3
1393850640812,81.3
1393850645825,81.3
1393850650825,81.3
1393850655825,81.3
1393850660825,81.3
1393850665823,81.3
1393850670832,81.3
1393850675822,81.3
1393850680852,81.3
1393850685833,81.3
1393850690836,81.3
1393850695825,81.3
1393850700836,81.3
1393850705836,81.3
1393850710832,81.3
1393850715846,81.3
1393850720824,81.3
1393850725845,81.3
1393850730843,81.3
1393850735845,81.3
1393850740843,81.3
1393850745845,81.3
1393850750852,81.3
1393850755855,81.3
1393850760852,81.3
1393850765875,81.3
1393850770855,81.3
1393850775853,81.4
1393850780855,81.4
1393850785863,81.3
1393850790897,81.3
1393850795863,81.3
1393850800916,81.3
1393850805895,81.3
1393850810863,81.4
1393850815878,81.4
1393850820872,81.3
1393850825872,81.3
1393850830876,81.3
1393850860885,81.4
1393850901901,81.3
1393850906557,81.4
1393850911563,81.4
1393850941585,81.4
1393850971576,81.4
1393851001603,81.4
1393851031632,81.4
1393851061643,81.4
1393851091663,81.5
1393851121739,81.4
1393851151705,81.5
1393851181725,81.5
1393851211736,81.5
1393851241766,81.5
1393851271795,81.5
1393851301825,81.5
1393851331823,81.5
1393851361853,81.5
1393851391890,81.5
1393851421905,81.5
1393852577506,81.5
1393852582176,81.6
1393852587143,81.7
1393852592148,81.7
1393852597152,81.7
1393852602173,81.7
1393852607175,81.6
1393852612155,81.7
1393852617163,81.7
1393852622180,81.7
1393852627183,81.6
1393852632186,AM2315
1393852637166,81.6
1393852642163,81.6
1393852647163,81.6
1393852652172,81.6
1393852657176,81.6
1393852662175,81.6
1393852667173,81.6
1393852672175,81.6
1393852677206,81.6
1393852682172,81.6
1393852687183,81.6
1393852692172,81.6
1393852697186,81.6
1393852702183,81.6
1393852707203,81.6
1393852712186,81.6
1393852717183,81.6
1393852722192,81.6
1393852727205,81.6
1393852732196,81.6
1393852737193,81.6
1393852742196,81.7
1393852817217,81.6
1393852821908,81.6
1393852826903,81.6
1393852831932,81.6
1393852836912,81.6
1393852841912,81.6
1393852846922,81.5
1393852980735,81.7
1393853010726,81.6
1393853040776,81.5
1393853070766,81.5
1393853100793,81.6
1393853130803,81.5
1393853160833,81.6
1393853190843,81.6
1393853220863,81.6
1393853250886,81.6
1393853280916,81.6
1393853310917,81.6
1393853340945,81.6
1393853370972,81.6
1393853400984,81.6
1393853430996,81.5
1393853435992,81.5
1393853440995,81.5
1393853446026,81.5
1393853451005,81.5
1393853455986,81.5
1393853460992,81.5
1393853466005,81.5
1393853471003,81.5
1393853476003,81.5
1393853481015,81.5
1393853485995,81.5
1393853491003,81.5
1393853496036,81.5
1393853501015,81.5
1393853506012,81.5
1393853511013,81.5
1393853516016,81.5
1393853521012,81.5
1393853526015,81.5
1393853531006,81.5
1393853536026,81.5
1393853541088,81.5
1393853546026,81.5
1393853551032,81.5
1393853556053,81.5
1393853561032,81.5
1393853566045,81.5
1393853571043,81.5
1393853576065,81.5
1393853581046,81.5
1393853586065,81.5
1393853591065,81.5
1393853596063,81.5
1393853601076,81.5
1393853606073,81.5
1393853611075,81.4
1393853616076,81.5
1393856389127,81
1393856393234,80
1393856398163,80.2
1393856403166,80.2
1393856408163,80.2
1393856413176,80.2
1393856418172,80.3
1393856423163,80.3
1393856428176,80.3
1393856433173,80.3
1393856438176,80.3
1393860049256,79.1
1393860053924,78.6
1393860058912,78.5
1394259025373,70.5
1394259030118,70.7
1394259035138,70.7
1394259040148,70.7
1394259045211,70.7
1394259050138,70.7
1394259055147,70.7
1394259060148,70.7
1394259065148,70.7
1394259127679,70.8
1394259132129,70.8
1394259137118,70.8
1394259142128,70.8
1394259147128,70.8
1394259152129,70.8
1394259157139,70.8
1394259234466,70.8
1394259238942,70.8
1394259243888,70.8
1394259248888,70.8
1394259253887,70.9
1394259258888,70.8
1394259263898,70.8
1394259448763,70.9
1394259453508,71
1394259623018,70.8
1394259628018,71.1
1394259633028,71
1394259638017,71
1394259643028,71
1394259648028,71
1394259653028,71.1
1394259658058,71
1394259663048,71.1
1394259668038,71.1
1394259673039,71.1
1394259678038,71.1
1394259683058,71.1
1394259713068,71.1
1394259743088,71.2
1394259773068,71
1394259803078,71
1394260011878,71.1
1394260016878,71.1
1394260021868,71.1
1394260044878,71.2
1394260049888,71.2
