1392972513090,64.51
1392972513239,64.51
1392972513295,64.51
1392972513530,64.51
1392972513715,64.51
1392972513737,64.51
1392972513791,64.51
1392972513838,64.51
1392972514019,64.51
1392972514044,64.51
1392972514085,64.51
1392972514225,64.51
1392972514286,64.51
1392972514324,64.51
1392972514855,64.63
1392972515127,64.63
1392972515302,64.51
1392972515335,64.51
1392972515620,64.51
1392972516318,64.51
1392972516996,64.63
1392972517072,64.63
1392972517643,64.51
1392972517885,64.63
1392972518238,64.51
1392972518639,64.51
1392972518986,64.51
1392972519249,64.63
1392972519721,64.63
1392972520661,64.63
1392972520857,64.63
1392972520925,64.63
1392972521107,64.63
1392972521142,64.63
1392972521601,64.63
1392972522137,64.63
1392972522195,64.63
1392972522655,64.63
1392972523197,64.63
1392972523382,64.63
1392972523940,64.63
1392972524005,64.63
1392972524569,64.63
1392972524803,64.63
1392972525024,64.63
1392972525668,64.63
1392972525871,64.63
1392972526142,64.63
1392972526687,64.63
1392972526733,64.63
1392972526845,31.89
1392972527206,64.63
1392972527277,64.63
1392972528139,64.63
1392972528596,64.63
1392972528621,64.63
1392972528870,64.63
1392972529122,64.63
1392972529239,64.63
1392972529375,64.63
1392972530422,64.63
1392972530976,64.63
1392972531153,64.63
1392972531432,64.63
1392972531579,64.63
1392972531687,64.63
1392972532184,64.63
1392972533728,64.63
1392972533950,64.63
1392972534024,64.63
1392972534275,64.63
1392972534518,64.63
1392972534894,64.63
1392972535475,64.63
1392972536502,64.63
1392972537185,64.63
1392972537255,64.63
1392972537489,64.63
1392972537615,64.63
1392972538665,64.63
1392972538977,64.63
1392972539190,64.63
1392972539387,64.63
1392972539605,64.63
1392972540057,64.63
1392972540700,64.63
1392972540983,64.63
1392972541970,64.63
1392972542106,64.63
1392972542247,64.63
1392972542869,64.63
1392972542947,64.63
1392972543211,64.63
1392972543289,64.63
1392972544408,31.89
1392972544877,64.63
1392972545090,64.63
1392972545175,64.63
1392972545381,64.63
1392972545474,64.63
1392972546136,64.63
1392972546623,64.63
1392972547508,64.74
1392972547844,64.74
1392972547881,64.74
1392972548015,64.74
1392972548319,64.63
1392972548750,64.74
1392972549412,64.74
1392972549707,64.63
1392972549835,64.63
1392972550150,64.63
1392972550853,64.63
1392972551564,64.63
1392972551749,64.63
1392972551885,64.63
1392972551969,64.63
1392972552055,64.63
1392972552227,64.74
1392972552518,64.63
1392972553366,64.63
1392972554276,31.89
1392972554355,31.89
1392972554481,64.74
1392972554706,64.63
1392972554778,64.63
1392972555024,64.63
1392972555644,64.74
1392972556213,64.74
1392972556490,64.74
1392972556608,64.74
1392972557035,64.74
1392972557396,64.74
1392972558799,64.74
1392972558966,64.74
1392972559202,64.74
1392972559235,64.74
1392972559276,64.74
1392972559581,64.74
1392972559792,64.63
1392972560444,64.63
1392972561583,64.74
1392972561729,64.74
1392972561880,64.74
1392972561981,64.74
1392972562067,64.74
1392972562709,64.74
1392972562828,64.74
1392972563086,64.74
1392972564429,64.74
1392972564453,64.74
1392972564495,64.74
1392972564738,64.74
1392972565199,64.74
1392972565375,64.74
1392972565457,64.74
1392972566059,64.74
1392972567192,64.74
1392972567259,64.74
1392972567495,64.74
1392972567576,64.74
1392972568049,64.74
1392972568373,64.74
1392972568574,64.74
1392972568926,64.74
1392972569580,64.74
1392972569865,64.74
1392972570591,64.74
1392972570998,64.74
1392972571040,64.74
1392972571206,64.74
1392972571277,64.74
1392972571633,64.74
1392972572195,64.74
1392972573028,64.74
1392972574223,31.89
1392972574306,64.74
1392972574542,64.74
1392972574568,64.74
1392972574660,64.74
1392972575312,64.74
1392972575789,64.74
1392972576251,64.74
1392972576664,64.74
1392972577133,64.74
1392972577339,64.74
1392972577997,64.74
1392972578826,64.74
1392972579103,64.74
1392972579148,64.74
1392972579454,64.74
1392972579695,64.74
1392972580098,64.74
1392972581334,64.74
1392972581943,64.74
1392972582017,64.74
1392972582079,64.74
1392972582379,64.74
1392972582512,31.89
1392972583081,64.74
1392972584538,64.74
1392972584704,64.74
1392972584868,64.74
1392972584896,64.74
1392972584996,64.74
1392972585323,64.74
1392972585662,64.74
1392972586686,64.74
1392972587087,64.74
1392972587291,64.74
1392972587379,64.74
1392972587594,64.74
1392972587926,64.74
1392972588696,64.74
1392972589335,64.74
1392972589577,64.74
1392972589705,64.74
1392972589815,64.74
1392972589929,64.74
1392972590385,64.74
1392972591992,64.74
1392972592158,64.74
1392972592689,64.74
1392972592790,64.74
1392972592929,64.74
1392972593215,64.74
1392972593322,31.77
1392972593882,64.74
1392972594568,64.74
1392972594840,64.74
1392972594863,64.74
1392972595430,64.74
1392972595626,64.74
1392972595948,64.74
1392972596394,64.74
1392972596552,64.74
1392972597557,64.74
1392972598204,64.74
1392972598399,64.74
1392972598519,64.74
1392972599111,64.74
1392972599799,64.74
1392972600573,64.74
1392972600808,64.74
1392972601747,64.74
1392972602235,64.74
1392972602416,64.74
1392972602547,64.74
1392972602872,64.74
1392972603211,64.74
1392972603952,64.74
1392972604283,64.74
1392972604804,64.74
1392972604870,64.74
1392972605157,64.74
1392972605180,64.74
1392972605272,64.74
1392972605314,64.74
1392972605498,64.74
1392972606093,64.74
1392972606233,64.74
1392972607491,64.74
1392972607825,64.74
1392972607967,64.74
1392972608657,64.74
1392972608726,64.74
1392972608914,64.74
1392972608971,64.74
1392972609657,64.74
1392972610090,64.74
1392972611904,64.74
1392972612064,64.74
1392972612263,64.74
1392972612393,64.74
1392972612430,64.74
1392972612479,64.74
1392972612759,64.74
1392972613887,64.74
1392972614350,64.74
1392972614421,64.74
1392972614575,64.74
1392972614777,64.74
1392972615155,64.74
1392972615525,64.74
1392972616149,64.74
1392972617507,64.74
1392972617591,64.74
1392972617768,64.74
1392972618030,64.74
1392972618321,64.74
1392972618529,64.74
1392972618815,64.74
1392972619566,64.74
1392972619730,64.74
1392972620343,64.74
1392972620386,64.74
1392972620435,64.74
1392972620539,64.74
1392972620807,64.74
1392972621182,64.74
1392972621331,64.74
1392972622916,64.74
1392972623707,64.85
1392972623744,64.74
1392972623984,64.74
1392972624138,64.85
1392972624895,64.74
1392972625376,64.74
1392972626553,64.74
1392972626626,64.74
1392972626778,64.74
1392972627359,64.74
1392972627967,64.74
1392972628451,64.74
1392972628957,64.74
1392972629059,64.74
1392972629506,64.74
1392972629556,64.74
1392972629758,64.74
1392972629834,64.74
1392972630059,64.74
1392972630637,64.74
1392972630933,64.74
1392972631599,64.74
1392972631818,64.74
1392972631857,64.74
1392972632189,64.74
1392972632515,64.74
1392972632836,64.74
1392972633269,64.74
1392972633376,64.74
1392972633420,64.74
1392972633746,64.74
1392972634546,64.74
1392972635325,64.74
1392972635502,64.74
1392972635543,64.74
1392972635589,64.74
1392972636229,64.74
1392972636810,64.74
1392972637147,64.74
1392972638019,64.74
1392972638225,64.74
1392972638348,64.74
1392972638594,64.74
1392972638725,64.74
1392972639873,64.74
1392972640279,64.74
1392972640400,64.74
1392972640573,64.74
1392972640684,64.74
1392972640919,64.74
1392972641505,64.74
1392972643283,64.74
1392972643370,64.74
1392972643507,64.74
1392972643710,64.74
1392972643959,64.74
1392972644029,64.74
1392972644722,64.74
1392972645483,64.74
1392972646113,64.74
1392972646408,64.74
1392972646527,64.74
1392972646643,64.74
1392972647241,64.74
1392972647474,64.74
1392972647830,64.74
1392972647968,64.74
1392972648442,64.74
1392972648650,64.74
1392972648880,64.74
1392972649146,64.74
1392972649203,64.74
1392972649474,64.74
1392972649896,64.74
1392972650262,64.74
1392972650293,64.74
1392972650633,64.74
1392972650760,64.74
1392972651805,64.74
1392972652790,64.74
1392972652864,31.89
1392972652958,64.74
1392972653202,64.74
1392972654240,64.74
1392972654893,64.74
1392972655187,64.74
1392972655494,64.74
1392972655554,64.74
1392972655907,64.74
1392972657112,64.74
1392972657462,64.74
1392972657540,64.74
1392972657578,64.74
1392972657677,64.74
1392972657820,64.74
1392972658198,64.74
1392972658705,64.74
1392972660389,64.74
1392972660642,64.74
1392972660924,64.74
1392972661137,64.74
1392972661221,64.74
1392972662163,64.74
1392972662374,64.74
1392972662959,64.74
1392972663254,64.74
1392972663507,64.74
1392972663879,64.74
1392972664293,64.74
1392972665647,64.74
1392972665786,64.74
1392972665994,64.74
1392972666160,64.74
1392972666523,64.74
1392972666922,64.74
1392972667761,64.74
1392972667859,64.74
1392972668814,64.74
1392972668868,64.74
1392972669209,64.74
1392972669651,64.74
1392972669847,64.74
1392972669884,64.74
1392972670140,64.74
1392972670182,64.74
1392972670303,64.74
1392972670809,64.74
1392972671247,64.74
1392972672013,64.74
1392972672392,64.74
1392972672446,64.74
1392972672869,64.74
1392972672997,64.74
1392972674452,64.74
1392972677198,64.74
1392972677453,64.74
1392972678164,31.89
1392972678487,64.74
1392972678640,64.74
1392972679485,64.74
1392972680461,64.74
1392972680531,64.74
1392972680700,64.74
1392972680754,64.74
1392972681038,64.74
1392972681231,64.74
1392972682215,64.74
1392972682545,64.74
1392972682663,64.74
1392972682862,64.74
1392972683147,64.74
1392972683346,64.74
1392972684290,64.74
1392972684986,64.74
1392972685186,64.74
1392972685263,64.74
1392972685348,64.74
1392972686434,64.74
1392972686773,64.74
1392972686948,64.74
1392972687093,64.74
1392972687168,64.74
1392972687421,64.74
1392972687485,64.74
1392972688046,64.74
1392972689175,64.74
1392972690221,64.74
1392972690292,64.74
1392972691001,64.74
1392972691476,64.74
1392972691828,64.74
1392972692767,64.74
1392972693495,64.74
1392972694011,64.74
1392972694371,64.74
1392972695231,64.74
1392972696124,64.74
1392972697040,64.74
1392972697243,64.74
1392972698307,64.74
1392972698888,31.89
1392972699033,64.74
1392972699439,64.74
1392972699909,64.74
1392972700779,64.74
1392972702099,64.63
1392972703052,64.63
1392972704104,31.89
1392972704215,64.63
1392972705389,64.63
1392972705926,64.63
1392972706961,64.63
1392972707484,64.63
1392974555034,63.50
1392974614391,63.50
1392975250717,63.16
1392975300620,63.16
1392975452837,63.16
1392975502761,63.16
1392975552793,63.16
1392975602861,63.16
1392975652870,63.28
1392975702894,63.39
1392975752933,63.61
1392976353060,65.41
1392976953304,66.54
1392977553416,67.33
1392977703519,67.33
1392977853598,67.33
1392978003698,67.33
1392978153795,67.33
1392978303891,67.33
1392978453980,67.33
1392979584915,67.66
1392979734903,67.66
1392979884990,67.78
1392980035090,67.78
1392980185180,67.89
1392980335296,67.89
1392980485400,67.89
1392980635493,67.89
1392980785590,68.00
1392980935710,68.00
1392981085796,68.11
1392981235890,68.11
1392981385983,68.11
1392981536090,68.11
1392981686194,68.22
1392981836303,68.22
1392981986391,68.22
1392982136493,68.34
1392982286591,68.34
1392982436691,68.34
1392982586790,68.11
1392982736890,67.78
1392982887001,67.44
1392983037090,67.10
1392983187113,66.76
1392983337210,66.54
1392983487311,66.20
1392983637410,65.86
1392983787530,65.64
1392983937591,65.53
1392984087693,65.30
1392984237793,65.19
1392984387900,65.08
1392984537994,64.85
1392984688093,64.85
1392984838193,64.74
1392984988293,64.51
1392985138393,64.40
1392985288490,64.29
1392985438604,64.29
1392985588693,64.18
1392985738793,64.06
1392985888900,63.95
1392986038995,63.84
1392986189053,63.73
1392986339150,63.61
1392986489253,63.61
1392986639353,63.50
1392986789453,63.39
1392986939555,63.39
1392987089661,63.28
1392987239763,63.28
1392987389851,63.16
1392987539972,63.16
1392987690067,63.05
1392987840154,63.05
1392987990253,62.94
1392988140353,62.83
1392988290451,62.83
1392988440554,62.71
1392988590650,62.71
1392988740753,62.60
1392988890853,62.49
1392989040950,62.49
1392989191054,62.38
1392989341151,62.38
1392989491253,62.26
1392989641352,62.26
1392989791454,62.26
1392989941553,62.15
1392990091650,62.04
1392990241814,62.04
1392990391841,61.92
1392990541983,61.92
1392990692053,61.92
1392990842153,61.92
1392990992253,61.81
1392991142350,61.81
1392991292470,61.70
1392991442550,61.70
1392991592650,61.70
1392991742770,61.59
1392991892851,61.48
1392992042981,61.48
1392992193055,61.36
1392992343150,61.36
1392992493253,61.36
1392992643361,61.25
1392992793444,61.25
1392992943554,61.14
1392993093664,61.14
1392993243750,61.03
1392993393851,61.03
1392993543910,61.03
1392993694014,61.03
1392993844113,60.91
1392993994213,60.80
1392994144313,60.80
1392994294423,60.80
1392994444514,60.69
1392994594621,60.69
1392994744711,60.69
1392994894814,60.69
1392995044913,60.58
1392995195013,60.58
1392995345123,60.58
1392995495240,60.58
1392995645313,60.58
1392995795414,60.58
1392995945520,60.58
1392996095613,60.58
1392996245714,60.46
1392996395822,60.58
1392996545914,60.58
1392996696011,60.58
1392996846103,60.46
1392996996211,60.46
1392997146310,60.46
1392997296413,60.46
1392997446531,60.69
1392997596610,60.91
1392997746711,61.03
1392997896813,61.14
1392998046923,61.25
1392998197023,61.25
1392998347110,61.14
1392998497221,61.25
1392998647320,61.48
1392998797395,61.92
1392998947503,62.26
1392999097590,62.49
1392999247693,62.71
1392999397792,62.94
1392999547885,63.05
1392999697993,63.16
1392999848093,63.28
1392999998203,63.39
1393000148300,63.61
1393000298391,63.84
1393000448501,63.95
1393000598600,64.18
1393000748711,64.18
1393000898811,64.18
1393001048970,64.18
1393001198990,64.06
1393001349126,64.06
1393001499193,63.95
1393001649290,63.95
1393001799414,63.84
1393001949483,63.84
1393002099591,63.84
1393002249734,63.84
1393002399793,63.84
1393002549850,63.84
1393002699890,63.84
1393002849991,63.95
1393003000093,63.95
1393003150183,63.95
1393003300323,64.18
1393003450394,64.29
1393003600503,64.29
1393003750615,64.40
1393003900701,64.51
1393004050803,64.63
1393004200890,64.74
1393004351023,64.74
1393004501093,64.96
1393004651184,64.96
1393004801274,65.19
1393004951383,65.30
1393005101473,65.41
1393005251573,65.53
1393005401670,65.64
1393005551770,65.75
1393005701874,65.86
1393005851893,65.97
1393006001990,66.09
1393006152100,66.09
1393006302200,66.09
1393006452300,66.09
1393006602391,66.09
1393006752511,66.09
1393006902533,66.09
1393007052693,66.09
1393007202730,65.97
1393007352833,65.97
1393007502940,66.09
1393007653044,66.09
1393007803134,66.09
1393007953231,65.97
1393008103333,65.97
1393008253430,65.86
1393008403533,65.75
1393008553633,65.75
1393008703740,65.64
1393008853783,65.64
1393009003873,65.53
1393009153970,65.53
1393009304070,65.41
1393009454173,65.41
1393009604273,65.53
1393009754383,65.53
1393009904481,65.53
1393010054619,65.53
1393010204670,65.53
1393010354771,65.64
1393010504890,65.75
1393010654980,65.86
1393010805074,65.97
1393010955182,66.09
1393011105270,66.20
1393011255380,66.31
1393011405490,66.43
1393011555574,66.54
1393011705684,66.65
1393011855781,66.76
1393012005903,66.88
1393012155970,66.88
1393012306081,67.10
1393012456173,67.10
1393012606273,67.10
1393012756374,67.33
1393012906473,67.44
1393013056573,67.55
1393013206673,67.66
1393013356780,67.66
1393013506870,67.78
1393013691625,67.89
1393013841591,68.00
1393013991693,68.11
1393014141793,68.11
1393014291890,68.22
1393014442010,68.22
1393014592093,68.22
1393014742223,68.22
1393014892290,68.22
1393015042423,68.34
1393015192493,68.34
1393015342593,68.34
1393015492696,68.45
1393015642800,68.45
1393015792924,68.34
1393015942993,68.45
1393016093094,68.45
1393016243190,68.45
1393016393300,68.45
1393016543401,68.34
1393016693493,68.22
1393016843593,68.11
1393016993701,67.89
1393017143840,67.89
1393017293903,67.78
1393017444000,67.66
1393017594093,67.66
1393017744190,67.55
1393017894293,67.44
1393018044393,67.33
1393018194500,67.33
1393018344600,67.21
1393018494693,67.10
1393018644804,67.10
1393018794900,66.99
1393018945000,66.99
1393019095090,66.88
1393019245200,66.76
1393019395290,66.76
1393019545393,66.65
1393019695510,66.65
1393019845593,66.76
1393019995710,66.65
1393020145823,66.65
1393020295904,66.54
1393020445993,66.43
1393020596113,66.43
1393020746222,66.43
1393020896301,66.43
1393021046411,66.43
1393021196490,66.43
1393021346591,66.43
1393021496700,66.43
1393021646811,66.43
1393021796890,66.43
1393021946991,66.43
1393022097094,66.43
1393022247195,66.31
1393022397274,66.31
1393022547360,66.31
1393022697460,66.31
1393022847554,66.31
1393022997665,66.31
1393023147751,66.31
1393023297864,66.20
1393023447953,66.20
1393023598050,66.20
1393023748160,66.09
1393023898253,66.09
1393024048383,66.09
1393024198463,65.97
1393024348560,65.97
1393024498673,65.97
1393024648760,65.97
1393024798850,65.97
1393024948950,65.97
1393025099010,65.97
1393025249113,65.86
1393025399213,65.86
1393025549310,65.86
1393025699420,65.86
1393025849520,65.86
1393025999620,65.86
1393026149710,65.86
1393026299820,65.97
1393026449910,65.86
1393026600043,65.86
1393026750131,65.75
1393026900210,65.75
1393027050320,65.64
1393027200414,65.64
1393027350513,65.64
1393027500633,65.64
1393027650724,65.64
1393027800843,65.64
1393027950923,65.64
1393028100993,65.64
1393028251090,65.75
1393028401204,65.75
1393028551280,65.75
1393028701404,65.75
1393028851523,65.75
1393029001601,65.75
1393029151692,65.75
1393029301801,65.75
1393029451923,65.75
1393029601993,65.75
1393029752105,65.75
1393029902193,65.75
1393030052283,65.75
1393030202390,65.75
1393030352490,65.75
1393030502582,65.75
1393030652683,65.75
1393030802801,65.75
1393030952893,65.75
1393031103001,65.75
1393031253102,65.75
1393031403191,65.75
1393031553300,65.75
1393031703403,65.75
1393031853483,65.64
1393032003620,65.64
1393032153703,65.75
1393032303780,65.64
1393032453890,65.64
1393032604000,65.64
1393032754093,65.64
1393032904203,65.53
1393033054293,65.53
1393033204396,65.41
1393033354503,65.41
1393033504600,65.41
1393033654700,65.41
1393033804793,65.30
1393033954930,65.41
1393034105004,65.75
1393034255090,66.20
1393034405194,66.65
1393034555290,67.10
1393034705395,67.33
1393034855505,67.33
1393035005591,68.00
1393035155713,68.22
1393035305790,68.45
1393035455900,68.68
1393035606010,68.79
1393035756103,69.01
1393035906220,69.13
1393036056323,69.24
1393036206423,69.35
1393036356503,69.46
1393036506604,69.69
1393036656701,69.80
1393036806790,69.91
1393036956894,70.03
1393037106990,70.03
1393037257100,69.91
1393037407193,69.91
1393037557300,69.91
1393037707393,69.91
1393037857500,69.91
1393038007601,70.03
1393038607703,70.14
1393039207801,70.70
1393039807881,71.49
1393040407993,70.70
1393041008095,69.58
1393041608213,69.01
1393042208300,68.56
1393042808400,68.11
1393043408493,67.78
1393044008573,67.55
1393044608670,67.33
1393045208780,67.21
1393045808870,66.88
1393046408980,66.76
1393047009083,66.54
1393047609200,66.31
1393048209273,66.09
1393048809384,65.97
1393049409483,65.75
1393050009696,65.53
1393050609685,65.41
1393051209780,65.30
1393051809883,65.19
1393052409970,64.96
1393053010080,64.85
1393053610170,64.63
1393054210303,64.51
1393054810380,64.29
1393055410473,64.29
1393056010573,64.06
1393056610685,63.95
1393057210780,63.84
1393057810873,63.84
1393058410980,63.73
1393059011070,63.50
1393059611180,63.39
1393060211275,63.39
1393060811380,63.28
1393061411480,63.05
1393062011530,62.94
1393062611649,62.71
1393063211757,62.60
1393063811843,62.49
1393064411943,62.26
1393065012060,62.15
1393065612130,61.92
1393066212230,61.81
1393066812333,61.70
1393067412440,61.48
1393068012540,61.36
1393068612630,61.25
1393069212743,61.25
1393069812833,61.03
1393070412943,60.91
1393071013030,60.80
1393071613151,60.58
1393072213233,60.46
1393072813343,60.35
1393073413443,60.24
1393074013543,60.01
1393074613640,60.01
1393075213740,59.79
1393075813800,59.67
1393076413923,59.56
1393077014020,59.45
1393077614093,59.34
1393078214170,59.23
1393078814293,59.00
1393079414380,58.89
1393080014470,58.78
1393080614574,58.78
1393081214683,58.66
1393081814770,58.55
1393082414870,58.66
1393083014973,58.78
1393083615070,58.78
1393084215173,59.45
1393084815280,59.79
1393085415373,60.80
1393086015470,61.59
1393086615570,62.26
1393087215683,62.83
1393087815783,62.60
1393088415870,62.49
1393089015981,62.60
1393089616086,62.83
1393090216170,63.28
1393090816283,63.28
1393091416383,63.84
1393092016470,64.29
1393092616573,64.63
1393093216701,64.63
1393093816804,64.74
1393094416880,64.74
1393095016972,64.40
1393095617102,64.40
1393096217180,64.40
1393096817280,64.63
1393097417381,65.19
1393098017460,65.86
1393098617580,66.54
1393099217680,66.88
1393099817770,67.44
1393100417892,67.89
1393101017970,68.45
1393101618070,68.45
1393102218181,68.22
1393102818283,67.89
1393103418383,67.66
1393104018480,67.21
1393104618580,66.88
1393105218680,66.88
1393105818783,66.54
1393106418882,66.43
1393107018980,66.31
1393107619082,66.31
1393108219193,66.20
1393108819273,66.31
1393109419370,66.31
1393110019471,66.20
1393110619580,65.97
1393111219680,65.86
1393111819760,65.75
1393112419883,65.75
1393113019980,65.64
1393113620102,65.53
1393114220183,65.41
1393114820280,65.30
1393115420384,65.19
1393116020473,65.08
1393116620580,64.96
1393117220684,64.85
1393117820783,64.74
1393118420880,64.63
1393119020983,64.51
1393119621080,64.29
1393120221180,64.18
1393120821280,63.95
1393121421400,63.73
1393122021480,63.61
1393122621583,63.39
1393123221680,63.16
1393123821773,63.05
1393124421900,62.94
1393125021980,62.83
1393125622083,62.71
1393126222183,62.60
1393126822283,62.49
1393127422380,62.26
1393128022480,62.26
1393128622583,62.15
1393129222680,61.92
1393129822783,61.92
1393130422880,61.70
1393131022980,61.70
1393131623080,61.48
1393132223180,61.36
1393132823283,61.36
1393133423380,61.14
1393134023483,61.03
1393134623580,60.91
1393135223673,60.80
1393135823773,60.69
1393136423884,60.58
1393137023983,60.46
1393137624090,60.35
1393138224180,60.24
1393138824263,60.13
1393139424380,59.90
1393140024470,59.90
1393140624580,59.79
1393141224672,59.56
1393141824773,59.45
1393142424880,59.34
1393143025002,59.23
1393143625083,59.11
1393144225180,59.00
1393144825270,58.89
1393145425380,58.78
1393146025505,58.66
1393146625580,58.44
1393147225680,58.44
1393147825782,58.33
1393148425880,58.10
1393149025983,57.99
1393149626103,57.88
1393150226181,57.76
1393150826283,57.65
1393151426380,57.54
1393152026473,57.42
1393152626583,57.31
1393153226683,57.20
1393153826773,57.09
1393154426880,56.98
1393155026984,56.86
1393155627073,56.86
1393156227180,56.75
1393156827270,56.75
1393157427381,56.64
1393158027480,56.64
1393158627583,56.64
1393159227680,56.64
1393159827780,56.75
1393160427870,56.75
1393161027980,56.75
1393161628080,56.75
1393162228180,56.75
1393162828283,56.75
1393163428380,56.75
1393164028482,56.86
1393164628584,56.75
1393165228680,56.86
1393165828783,56.86
1393166428883,56.86
1393167028980,56.86
1393167629081,56.98
1393168229183,56.98
1393168829283,57.09
1393169429383,57.20
1393170029483,57.31
1393170629581,57.42
1393171229683,57.65
1393171829811,57.88
1393172429870,58.10
1393173029990,58.33
1393173630080,58.44
1393174230193,58.66
1393174830280,59.00
1393175430380,59.34
1393176030480,59.67
1393176630580,60.24
1393177230684,60.69
1393177830783,62.26
1393178430883,62.15
1393179030980,62.15
1393179631084,62.26
1393180231173,62.38
1393180831280,62.38
1393181431383,62.15
1393182031480,62.15
1393182631580,62.15
1393183231680,62.60
1393183831780,63.05
1393184431880,63.61
1393185032001,63.95
1393185632085,64.40
1393186232153,64.74
1393186832262,65.19
1393187432383,65.08
1393188032461,65.08
1393188632560,64.96
1393189232660,64.74
1393189832760,64.40
1393190432860,64.18
1393191032963,63.95
1393191633060,63.61
1393192233163,63.39
1393192833273,63.39
1393193433360,63.28
1393194033460,63.28
1393194633560,63.28
1393195233650,63.16
1393195833760,63.16
1393196433860,63.16
1393197033960,62.94
1393197634063,62.94
1393198234160,62.83
1393198834261,62.94
1393199434372,62.83
1393200034453,62.83
1393200634560,62.71
1393201234669,62.71
1393201834777,62.60
1393202434860,62.49
1393203034982,62.49
1393203635080,62.38
1393204235160,62.26
1393204835260,62.26
1393205435360,62.04
1393206035453,64.85
1393206635563,63.50
1393207235663,63.50
1393207835763,62.26
1393208435864,62.04
1393209035960,62.83
1393209636060,64.51
1393210236160,65.64
1393213186328,185.00
1393213250908,68.56
1393213315327,68.45
1393213375173,68.56
1393254714585,68.56
1393254779472,67.21
1393254779660,67.21
1393254779687,67.21
1393254779852,67.21
1393254779900,67.21
1393254779949,67.21
1393254780161,67.21
1393254780306,31.89
1393254780340,67.21
1393254780379,67.21
1393254780451,67.21
1393254780633,67.21
1393254780788,67.33
1393254780822,67.33
1393254780861,67.33
1393254781026,67.33
1393254781466,31.89
1393254781712,67.33
1393254781906,67.33
1393254782158,67.33
1393254782588,67.33
1393254783606,67.33
1393254783759,67.33
1393254784111,67.33
1393254784378,67.33
1393254784633,31.89
1393254784927,67.33
1393254785300,67.33
1393254786083,67.33
1393254786248,67.33
1393254786777,67.33
1393254787212,67.33
1393254787483,67.33
1393254788202,67.33
1393254788816,67.33
1393254789456,67.33
1393254789523,67.33
1393254789604,67.33
1393254789646,67.33
1393254789917,67.44
1393254789999,67.33
1393254790743,67.33
1393254792247,67.33
1393254792514,67.33
1393254792574,67.33
1393254792988,67.44
1393254793076,67.44
1393254793113,67.44
1393254793439,67.33
1393254794269,67.33
1393254794943,67.33
1393254795256,67.33
1393254795417,67.33
1393254796030,67.44
1393254797091,67.44
1393254797306,67.44
1393254797570,67.44
1393254797605,67.44
1393254797649,67.44
1393254797860,31.77
1393254798015,67.44
1393254798169,67.44
1393254798568,67.44
1393254799378,67.44
1393254799476,67.44
1393254799987,67.44
1393254800240,67.44
1393254800759,67.44
1393254800875,67.44
1393254801599,67.44
1393254801702,31.89
1393254801822,67.44
1393254801867,67.44
1393254802114,67.44
1393254802149,67.44
1393254802455,67.44
1393254802561,67.44
1393254803591,67.44
1393254804550,67.44
1393254804589,67.44
1393254804724,67.44
1393254804930,67.44
1393254805017,67.44
1393254805151,67.44
1393254805829,67.44
1393254806301,67.44
1393254807127,67.55
1393254807204,67.44
1393254807547,67.55
1393254807873,67.44
1393254808893,67.55
1393254808921,67.44
1393254809170,67.55
1393254809193,67.55
1393254809472,67.55
1393254809581,31.77
1393254809859,67.44
1393254810438,67.55
1393254811991,67.44
1393254812022,31.89
1393254812179,31.89
1393254812607,67.55
1393254812673,67.55
1393254812819,67.44
1393254813208,67.55
1393254813380,67.44
1393254813903,67.44
1393254814459,67.44
1393254814642,67.44
1393254815101,67.44
1393254815463,67.44
1393254815702,67.44
1393254815769,67.44
1393254815931,67.44
1393254816350,67.44
1393254816863,67.44
1393254817229,67.44
1393254817548,67.44
1393254817615,67.44
1393254818192,67.55
1393254818248,67.55
1393254818339,67.55
1393254818423,67.55
1393254818921,67.55
1393254819650,67.44
1393254819903,67.44
1393254820186,31.89
1393254820438,67.55
1393254821347,67.55
1393254821819,67.55
1393254822195,67.55
1393254822381,67.55
1393254822442,67.55
1393254822804,67.55
1393254823406,67.55
1393254824503,67.55
1393254824616,67.55
1393254824652,67.55
1393254824744,67.55
1393254824870,67.44
1393254825418,67.55
1393254825533,67.55
1393254826041,67.55
1393254826540,67.55
1393254827101,67.55
1393254827257,67.55
1393254827545,67.55
1393254827782,67.55
1393254828130,67.55
1393254828330,67.55
1393254829077,67.55
1393254829169,67.55
1393254829472,67.55
1393254830210,67.55
1393254830374,67.55
1393254830888,67.55
1393254831168,67.55
1393254831291,67.55
1393254831617,67.44
1393254831841,67.44
1393254832055,67.55
1393254832618,67.55
1393254833177,67.55
1393254833361,67.55
1393254833894,67.55
1393254834388,67.55
1393254834688,67.55
1393254834904,67.55
1393254834994,67.55
1393254835207,67.55
1393254835451,67.55
1393254835769,67.55
1393254835866,67.55
1393254836551,67.55
1393254836730,67.55
1393254836931,67.55
1393254837200,67.55
1393254837401,67.55
1393254837809,67.55
1393254838026,67.55
1393254838251,67.55
1393254839058,67.55
1393254839308,31.89
1393254839429,67.55
1393254839569,67.55
1393254839659,67.55
1393254840122,67.55
1393254840766,67.55
1393254841676,67.55
1393254842372,67.55
1393254842449,67.55
1393254842757,67.55
1393254842896,67.55
1393254843324,67.55
1393254843784,67.55
1393254844073,31.89
1393254844711,67.55
1393254844802,31.89
1393254845017,67.66
1393254845382,67.66
1393254845795,31.89
1393254846542,31.89
1393254846949,31.89
1393254847087,67.55
1393254847137,67.55
1393254847413,67.55
1393254847742,67.55
1393254848836,67.55
1393254849092,67.55
1393254849194,67.55
1393254849634,67.55
1393254849981,67.55
1393254850729,67.55
1393254850798,67.55
1393254850845,67.55
1393254850978,67.55
1393254851076,67.55
1393254851575,67.55
1393254851854,67.55
1393254853008,67.66
1393254853044,67.66
1393254853223,67.55
1393254853333,31.89
1393254853411,67.66
1393254853451,67.66
1393254854465,67.55
1393254854687,67.55
1393254854879,67.55
1393254855117,67.55
1393254855667,67.66
1393254855931,67.66
1393254857098,67.66
1393254857433,31.89
1393254857472,67.66
1393254857682,67.66
1393254857847,67.66
1393254857953,67.66
1393254860086,67.55
1393254860123,67.55
1393254860165,67.55
1393254860387,67.66
1393254860409,31.89
1393254860531,31.77
1393254860700,67.55
1393254861000,67.66
1393254861062,31.89
1393254861310,67.66
1393254861641,67.66
1393254862790,67.66
1393254863210,67.66
1393254863328,67.66
1393254863520,67.66
1393254864519,67.66
1393254864744,67.66
1393254864926,67.66
1393254865180,67.66
1393254865889,67.55
1393254865958,67.55
1393254866569,67.66
1393254866845,67.66
1393254866967,67.55
1393254867460,67.66
1393254867700,67.66
1393254867751,67.66
1393254868187,67.66
1393254868721,67.66
1393254868927,67.66
1393254869063,67.66
1393254869439,67.66
1393254870081,67.66
1393254870279,67.66
1393254870424,67.66
1393254870672,31.89
1393254871178,67.66
1393254871826,67.66
1393254871919,67.66
1393254872321,67.66
1393254872434,67.66
1393254873054,67.66
1393254873184,67.66
1393254873548,67.66
1393254873622,67.66
1393258344830,71.15
1393258345010,71.15
1393258345041,71.15
1393258345097,71.15
1393258345300,71.15
1393258345327,71.15
1393258345538,71.26
1393258345566,71.26
1393258345606,71.26
1393258345654,71.26
1393258345808,31.89
1393258345864,71.26
1393258345901,71.26
1393258346019,71.26
1393258346149,71.26
1393258346473,71.26
1393258346906,71.26
1393258347245,71.26
1393258347484,71.26
1393258347571,71.26
1393258347877,71.26
1393258348263,71.26
1393258348702,71.26
1393258348767,71.26
1393258349200,71.26
1393258349658,71.26
1393258350195,71.26
1393258350512,71.26
1393258350687,71.26
1393258350749,71.26
1393258351468,71.26
1393258351716,71.26
1393258352064,71.26
1393258352788,71.26
1393258352816,71.26
1393258352913,71.26
1393258353111,71.26
1393258353289,71.26
1393258353672,71.38
1393258354289,71.38
1393258354732,71.38
1393258354828,31.89
1393258355015,71.38
1393258355102,71.38
1393258355307,71.38
1393258355460,31.89
1393258356368,71.38
1393258356575,71.38
1393258356696,71.38
1393258356868,71.38
1393258357687,71.26
1393258358102,71.26
1393258358802,71.38
1393258358949,71.38
1393258359488,71.38
1393258359550,71.38
1393258359800,71.38
1393258359840,71.38
1393258360040,71.38
1393258361280,71.38
1393258361563,71.38
1393258361784,71.38
1393258361858,71.38
1393258362181,71.38
1393258362446,71.38
1393258362968,71.38
1393258363567,31.89
1393258364347,71.38
1393258364491,71.38
1393258364743,71.38
1393258364808,71.38
1393258364999,71.38
1393258365498,71.38
1393258365879,71.38
1393258367154,71.38
1393258367407,71.38
1393258367459,71.38
1393258367630,71.38
1393258367716,71.38
1393258367919,71.38
1393258368051,71.38
1393258368344,31.89
1393258369709,71.38
1393258369789,71.38
1393258370038,31.89
1393258370080,71.38
1393258370616,71.38
1393258370804,71.38
1393258371282,71.38
1393258371548,71.38
1393258371584,71.38
1393258372779,71.38
1393258372986,71.38
1393258373556,71.38
1393258373751,71.38
1393258373778,71.38
1393258373818,71.38
1393258373869,71.38
1393258374009,71.38
1393258374045,71.38
1393258374679,71.38
1393258375712,71.38
1393258376507,71.38
1393258376705,71.38
1393258376754,71.49
1393258376912,71.49
1393258377146,71.49
1393258377948,71.38
1393258378685,31.89
1393258378856,71.38
1393258379205,71.38
1393258379642,71.38
1393258379936,71.38
1393258379995,71.38
1393258380537,71.49
1393258380946,71.49
1393258381178,71.49
1393258381362,71.49
1393258381620,31.89
1393258382147,71.49
1393258382345,71.49
1393258382482,71.49
1393258382796,71.49
1393258383156,71.49
1393258383507,71.49
1393258383807,71.49
1393258383832,71.49
1393258383900,71.49
1393258384455,71.38
1393258384539,71.38
1393258384698,71.49
1393258384831,71.49
1393258385874,71.49
1393258386032,71.49
1393258386240,71.49
1393258386280,31.89
1393258387568,71.49
1393258388332,71.49
1393258388466,71.49
1393258388728,71.49
1393258389136,71.49
1393258389301,71.49
1393258389358,71.49
1393258389431,71.49
1393258390517,71.38
1393258390681,71.38
1393258390907,71.49
1393258391706,71.49
1393258392037,71.49
1393258392360,71.49
1393258392514,71.49
1393258393386,71.49
1393258393886,71.49
1393258394059,71.49
1393258394334,71.49
1393258394547,71.49
1393258394875,71.49
1393258395851,71.49
1393258396299,71.49
1393258396557,71.49
1393258396601,71.49
1393258396833,71.49
1393258396956,31.89
1393258397594,71.49
1393258398381,71.49
1393258399420,71.49
1393258399505,71.49
1393258399781,71.49
1393258399817,71.49
1393258400138,71.49
1393258400498,71.38
1393258401602,71.49
1393258401782,71.49
1393258402090,71.49
1393258402270,71.49
1393258402472,71.49
1393258403184,71.49
1393258403695,71.49
1393258404502,71.49
1393258404614,71.49
1393258405110,71.49
1393258405167,71.49
1393258405259,71.49
1393258405545,71.49
1393258405915,71.49
1393258406559,71.49
1393258407242,71.49
1393258407594,71.49
1393258408506,71.49
1393258408723,71.49
1393258409194,71.49
1393258409274,71.49
1393258409312,31.89
1393258409531,71.49
1393258409571,71.49
1393258409991,71.49
1393258410513,71.49
1393258411352,71.49
1393258411518,71.49
1393258411577,71.49
1393258411696,71.49
1393258411834,71.49
1393258412056,71.49
1393258412410,71.49
1393258412566,71.49
1393258413507,71.49
1393258413974,71.49
1393258414252,71.49
1393258414600,31.89
1393258415147,71.49
1393258415406,71.49
1393258416292,71.49
1393258416454,71.49
1393258416631,71.49
1393258416701,71.49
1393258417405,71.49
1393258417442,71.49
1393258417597,71.49
1393258417639,71.49
1393258417799,71.49
1393258417845,71.49
1393258418309,71.49
1393258418632,71.49
1393258418966,71.49
1393258419312,71.49
1393258419828,71.49
1393258420582,71.49
1393258420840,71.49
1393258420921,71.49
1393258421029,31.89
1393258421205,71.49
1393258421516,71.49
1393258422260,31.89
1393258423483,71.49
1393258423519,71.49
1393258423722,71.49
1393258423862,71.49
1393258423939,71.49
1393258424679,71.49
1393258425466,71.49
1393258425503,71.49
1393258425708,71.49
1393258425946,71.49
1393258426061,71.49
1393258427206,71.49
1393258427877,71.38
1393258428149,71.49
1393258428234,71.38
1393258428276,71.38
1393258428368,71.38
1393258428546,71.49
1393258428782,71.49
1393258430081,71.49
1393258430878,71.49
1393258431076,71.49
1393258431149,31.89
1393258431207,71.49
1393258431353,71.49
1393258432460,71.49
1393258433114,71.49
1393258433327,71.49
1393258433397,71.49
1393258433739,71.49
1393258434318,71.49
1393258435191,71.49
1393258436166,71.49
1393258436336,71.49
1393258436574,71.49
1393258436644,71.49
1393258436689,71.49
1393258436929,71.49
1393258437239,71.49
1393258437897,71.49
1393258438258,71.49
1393258438745,71.49
1393258438871,71.49
1393258440562,71.49
1393258440679,71.49
1393258440921,71.49
1393258440958,71.49
1393258441069,71.49
1393258441910,71.49
1393258443043,71.49
1393258443141,71.49
1393258443614,71.49
1393258443695,71.49
1393258443759,71.49
1393258444093,71.49
1393258444176,71.49
1393258444256,71.49
1393258444673,71.49
1393258445640,71.49
1393258445985,71.49
1393258446325,71.49
1393258446520,71.49
1393258447627,71.49
1393258448022,71.49
1393258448194,71.49
1393258448288,71.49
1393258449009,71.49
1393258450138,71.49
1393258450480,71.49
1393258451143,71.49
1393258451168,31.89
1393258451264,71.49
1393258451359,71.49
1393258451612,71.49
1393258451754,71.49
1393258451839,31.77
1393258451932,31.89
1393258452859,71.49
1393258453868,71.49
1393258453978,71.49
1393258454238,71.49
1393258455113,71.49
1393258455424,71.49
1393258455853,71.49
1393258456625,71.49
1393258456700,71.49
1393258456836,71.49
1393258457518,71.49
1393258459058,71.49
1393258459738,71.49
1393258459809,71.49
1393258459905,71.49
1393258459989,71.49
1393258460190,71.38
1393258460265,71.38
1393258460308,71.49
1393258460759,71.38
1393258462356,71.38
1393258462634,31.89
1393258462770,71.38
1393258463160,71.49
1393258463640,71.49
1393258463793,71.49
1393258465364,71.49
1393258465748,71.49
1393258466081,71.49
1393258466308,71.49
1393258466430,71.49
1393258467197,71.38
1393258468642,71.38
1393258469111,71.49
1393258469170,71.49
1393258469285,71.49
1393258469416,71.49
1393258469663,71.49
1393258469977,71.49
1393258470096,71.49
1393258470159,71.49
1393258471206,71.38
1393258471458,71.38
1393258471777,71.38
1393258472259,71.49
1393258472562,71.49
1393258472775,71.49
1393258472801,71.49
1393258472946,71.49
1393258473057,71.49
1393258473108,71.49
1393258473833,71.49
1393258474153,71.49
1393258474376,71.49
1393258475087,71.49
1393258475370,71.49
1393258476174,71.49
1393258476253,71.49
1393258476492,71.49
1393258476666,71.49
1393258476978,71.49
1393258477122,71.49
1393258478135,71.49
1393258478254,71.49
1393258478441,71.49
1393258478689,71.49
1393258478911,71.49
1393258480166,71.49
1393258480384,71.49
1393258480479,71.49
1393258480524,71.49
1393258480668,71.49
1393258480785,71.49
1393258481331,71.49
1393258481676,71.49
1393258482988,71.49
1393258483106,71.49
1393258483298,71.49
1393258483716,71.49
1393258483896,71.49
1393258484920,71.49
1393258485061,71.49
1393258485629,71.49
1393258485759,31.89
1393258485921,71.49
1393258487199,71.49
1393258487825,71.49
1393258487853,71.49
1393258488105,71.49
1393258488179,71.49
1393258488317,71.49
1393258488418,71.49
1393258488746,31.89
1393258489908,71.49
1393258490580,31.89
1393258490702,71.49
1393258491094,71.49
1393258491236,71.49
1393258491626,71.49
1393258491677,71.49
1393258491984,71.49
1393258492646,71.49
1393258492993,71.49
1393258493081,71.49
1393258493974,71.49
1393258494251,71.49
1393258494486,71.49
1393258494787,71.49
1393258494970,71.49
1393258495211,71.49
1393258495529,71.49
1393258495747,71.49
1393258496162,71.49
1393258497078,71.49
1393258497213,71.49
1393258497444,71.49
1393258497992,71.49
1393258498638,71.49
1393258498861,71.49
1393258498906,71.49
1393258499718,71.49
1393258500657,71.49
1393258500746,71.49
1393258500902,71.49
1393258500929,71.49
1393258500983,71.49
1393258501149,71.49
1393258501344,71.49
1393258501571,71.49
1393258501650,71.49
1393258503101,71.49
1393258503308,71.49
1393258503387,71.49
1393258503477,71.49
1393258503871,71.49
1393258504380,71.49
1393258504651,71.49
1393258505418,71.49
1393258575361,71.15
1393258634548,70.93
1393261723902,70.03
1393261724087,70.03
1393261724129,70.03
1393261724339,70.03
1393261724513,70.03
1393261724539,70.03
1393261724588,70.03
1393261724637,31.89
1393261724841,31.89
1393261724869,70.03
1393261724908,70.03
1393261725098,70.03
1393261725168,70.03
1393261725204,70.03
1393261725385,70.03
1393261725421,31.89
1393261725650,31.89
1393261726166,70.03
1393261726551,70.14
1393261727519,70.14
1393261727902,70.14
1393261728128,70.14
1393261728323,70.14
1393261729477,70.03
1393261730221,70.03
1393261730468,70.14
1393261730596,70.03
1393261731481,31.89
1393261732614,70.14
1393261732847,70.14
1393261733086,70.14
1393261733109,70.14
1393261733149,70.14
1393261733199,70.14
1393261733425,70.14
1393261733453,70.14
1393261733711,31.89
1393261734166,70.14
1393261734737,70.14
1393261735525,70.14
1393261736035,70.14
1393261736146,70.14
1393261736820,70.14
1393261737068,70.14
1393261737108,31.89
1393261737319,70.14
1393261737380,70.14
1393261737578,70.14
1393261738118,70.14
1393261738621,70.14
1393261738972,70.14
1393261739477,70.14
1393261739878,70.14
1393261740054,70.14
1393261740531,70.14
1393261740812,70.14
1393261740973,70.14
1393261741214,70.14
1393261741898,70.14
1393261742113,70.14
1393261742573,70.14
1393261742722,70.14
1393261743075,70.14
1393261743788,70.14
1393261744178,70.14
1393261744240,70.14
1393261744414,70.14
1393261744513,70.14
1393261744746,70.14
1393261745365,70.14
1393261745849,70.14
1393261746141,70.14
1393261746189,70.14
1393261746445,70.14
1393261746942,70.14
1393261746996,70.14
1393261747629,70.14
1393261747741,70.14
1393261748160,70.14
1393261748694,70.14
1393261749425,70.14
1393261749508,70.14
1393261749896,31.89
1393261750168,70.14
1393261750917,70.14
1393261751175,70.14
1393261751290,70.14
1393261751644,70.14
1393261751844,70.14
1393261752201,70.14
1393261752960,70.14
1393261753557,70.25
1393261753783,70.14
1393261753819,70.14
1393261753906,70.25
1393261753950,70.25
1393261754038,70.25
1393261754256,70.14
1393261754290,70.14
1393261754858,70.14
1393261755503,70.14
1393261755810,70.14
1393261756069,70.14
1393261756272,31.89
1393261756720,70.14
1393261757617,70.14
1393261758654,70.25
1393261758881,70.14
1393261758904,70.14
1393261759040,70.25
1393261759431,70.14
1393261760602,70.14
1393261760801,70.14
1393261760933,70.14
1393261761087,70.14
1393261761295,70.14
1393261761402,70.14
1393261761821,70.14
1393261762461,70.14
1393261763267,70.25
1393261763822,70.25
1393261764464,70.14
1393261764734,70.25
1393261765312,70.25
1393261765463,70.14
1393261766247,70.14
1393261766849,70.14
1393261767177,70.14
1393261767900,70.14
1393261767951,70.14
1393261768158,70.14
1393261768942,70.14
1393261769025,70.14
1393261769086,70.14
1393261769351,31.77
1393261769573,70.14
1393261769909,70.25
1393261770010,70.25
1393261770983,31.77
1393261771889,70.14
1393261772202,70.14
1393261773257,70.14
1393261773341,70.14
1393261773719,70.14
1393261773756,70.14
1393261774097,70.25
1393261774735,70.25
1393261774891,70.14
1393261775295,70.14
1393261775754,70.14
1393261775986,70.14
1393261776721,70.14
1393261777095,70.14
1393261777163,70.14
1393261777248,70.14
1393261777396,70.14
1393261777513,70.14
1393261777881,70.14
1393261778305,70.25
1393261779214,70.14
1393261779341,70.25
1393261779532,70.25
1393261779678,70.14
1393261780125,70.25
1393261780527,70.25
1393261781055,70.25
1393261781868,70.14
1393261782666,70.14
1393261782843,70.25
1393261782964,70.25
1393261783218,70.25
1393261783803,70.25
1393261784447,70.25
1393261785075,70.25
1393261785282,70.25
1393261785347,31.89
1393261785405,70.25
1393261785596,70.14
1393261785798,70.14
1393261786028,70.14
1393261786828,31.89
1393261787040,70.25
1393261787138,70.25
1393261787382,70.25
1393261787736,70.25
1393261788241,70.25
1393261788532,70.25
1393261789162,70.25
1393261789554,70.14
1393261789579,70.14
1393261789872,70.25
1393261790050,70.14
1393261790836,70.25
1393261791159,70.14
1393261791483,70.14
1393261791852,70.14
1393261792385,70.14
1393261793021,70.25
1393261793404,70.25
1393261793471,70.25
1393261793684,70.25
1393261794082,70.25
1393261794549,70.25
1393261796472,70.25
1393261796508,70.25
1393261796547,70.25
1393261796691,70.25
1393261796890,31.89
1393261796955,70.25
1393261797172,70.25
1393261797349,70.14
1393261799740,70.25
1393261800045,31.89
1393261800294,70.25
1393261800590,70.25
1393261800641,70.25
1393261800829,70.25
1393261801242,70.25
1393261801755,70.25
1393261802346,70.25
1393261802848,70.25
1393261803108,70.25
1393261803149,70.25
1393261803414,70.14
1393261803855,70.14
1393261804618,70.14
1393261804675,70.14
1393261804767,70.14
1393261804957,70.14
1393261805062,70.14
1393261805535,70.25
1393261805895,70.25
1393261806710,70.25
1393261806842,70.25
1393261806938,70.25
1393261807075,70.25
1393261807312,70.25
1393261808271,70.25
1393261808905,70.25
1393261809093,70.25
1393261809121,70.25
1393261809363,70.25
1393261809578,70.14
1393261809807,70.14
1393261811791,70.25
1393261812482,70.25
1393261812507,70.25
1393261812598,70.25
1393261812684,70.25
1393261813050,70.25
1393261813174,70.25
1393261814237,70.14
1393261814376,70.25
1393261815207,70.25
1393261815517,70.14
1393261815539,70.14
1393261815742,70.25
1393261815773,31.89
1393261816119,70.25
1393261816439,70.25
1393261816721,70.25
1393261816942,70.14
1393261816979,70.14
1393261817680,70.14
1393261818095,70.25
1393261818881,70.25
1393261819019,70.25
1393261819299,70.25
1393261819549,70.14
1393261819585,70.25
1393261819875,70.14
1393261821162,70.25
1393261821294,70.25
1393261821516,70.25
1393261821692,70.25
1393261822922,70.25
1393261823548,70.25
1393261823845,70.25
1393261823988,70.25
1393261824367,70.14
1393261824612,70.25
1393261824688,70.25
1393261825356,70.25
1393261826191,70.14
1393261826481,70.14
1393261826598,70.14
1393261826647,70.14
1393261826771,70.14
1393261827166,70.14
1393261827287,70.14
1393261827541,70.14
1393261827857,70.14
1393261828614,70.25
1393261828722,70.25
1393261829124,70.14
1393261829165,70.14
1393261829801,70.14
1393261829855,70.14
1393261830098,70.14
1393261830420,70.14
1393261830781,70.14
1393261831609,70.14
1393261831649,70.14
1393261831743,70.14
1393261831924,70.14
1393261832440,70.14
1393261833606,70.25
1393261833644,70.14
1393261833767,70.25
1393261834305,70.25
1393261834445,31.77
1393261835026,70.25
1393261835718,70.25
1393261835994,70.25
1393261836111,70.25
1393261836288,70.25
1393261836492,70.25
1393261836602,70.14
1393261837853,70.14
1393261838107,70.14
1393261838198,70.14
1393261838289,70.14
1393261838477,70.25
1393261838999,70.25
1393261840084,70.25
1393261840492,70.25
1393261840641,70.14
1393261840672,70.14
1393261840951,70.14
1393261841206,70.25
1393261841688,70.25
1393261842359,70.14
1393261843099,70.14
1393261843419,70.14
1393261843651,70.14
1393261843901,70.14
1393261844422,70.14
1393261845624,70.14
1393261845700,70.14
1393261845741,70.14
1393261845891,70.14
1393261846011,70.14
1393261846340,70.14
1393266806030,69.46
1393267406009,70.03
1393268006103,69.58
1393268606203,69.46
1393269206306,70.03
1393269806426,69.69
1393270406496,69.69
1393271006673,70.03
1393271606702,70.59
1393272206803,71.26
1393272806902,71.71
1393273407003,71.71
1393274007103,71.04
1393274607202,70.93
1393275207306,70.25
1393275807402,69.91
1393276407503,70.93
1393277782572,69.69
1393278382548,70.14
1393278982637,69.13
1393279582734,70.14
1393280182834,69.35
1393280782948,69.58
1393281383024,69.69
1393281983150,69.13
1393282583224,69.91
1393283183314,69.01
1393283783429,70.03
1393284383524,69.24
1393284983594,69.80
1393285583686,69.35
1393286183787,69.35
1393286783797,69.58
1393287383884,68.90
1393287983984,69.69
1393288584087,68.90
1393289184177,69.80
1393289784284,68.79
1393290384407,69.69
1393290984477,68.79
1393291584557,69.46
1393292184664,68.79
1393292784744,69.24
1393293384835,68.90
1393293984945,68.90
1393294585037,69.01
1393295185134,68.68
1393295785216,69.24
1393296385297,68.34
1393296985397,69.58
1393297585497,68.90
1393298185594,69.24
1393298785704,69.69
1393299385777,70.14
1393299985884,70.59
1393300585987,70.93
1393301186104,71.26
1393301786207,71.60
1393302386307,71.94
1393302986314,72.28
1393303586427,72.39
1393304186524,72.72
1393304786607,72.95
1393305386722,73.29
1393305986827,73.51
1393306817120,73.74
1393306867029,73.74
1393308197311,74.41
1393308247215,74.30
1393308297268,74.30
1393308347295,74.41
1393308397337,74.41
1393308447377,74.41
1393309384401,74.75
1393309434346,74.75
1393309484384,74.75
1393309534397,74.75
1393309584447,74.75
1393309634485,74.86
1393309684510,74.86
1393309734557,74.86
1393309784605,74.97
1393309834634,74.97
1393309884677,74.86
1393309934715,74.97
1393309984764,74.97
1393310034808,74.97
1393310084850,74.97
1393310134887,74.97
1393310184917,74.97
1393310234954,74.97
1393310284997,74.97
1393310335045,75.09
1393310385075,75.09
1393310435127,75.09
1393310485164,75.09
1393310877012,75.31
1393311487385,75.43
1393311637368,75.43
1393311787448,75.43
1393311937565,75.43
1393312087647,75.54
1393312232389,75.54
1393312382348,75.54
1393312532464,75.54
1393312682554,75.43
1393312832667,75.31
1393312982774,75.31
1393313132864,75.20
1393313282954,75.20
1393313433064,75.09
1393313583157,74.86
1393313733270,74.41
1393313883294,74.08
1393314033407,73.63
1393314183497,73.40
1393314333607,73.18
1393314483695,72.95
1393314633807,72.72
1393314783904,72.61
1393314933997,72.39
1393315084107,72.28
1393315234227,72.16
1393315384245,71.94
1393315984347,71.60
1393316584437,71.15
1393317184547,70.93
1393317784647,70.70
1393318384747,70.36
1393318984844,70.14
1393319584947,69.91
1393320185027,69.58
1393320785124,69.35
1393321385227,69.13
1393321985318,68.90
1393322585429,68.68
1393323185509,68.56
1393323785628,68.34
1393324385725,68.11
1393324985824,67.89
1393325585927,67.78
1393326186024,67.55
1393326786124,67.44
1393327386227,67.33
1393327986327,67.10
1393328586407,66.88
1393329186527,66.65
1393329786624,66.54
1393330386767,66.43
1393330986827,66.31
1393331586926,66.09
1393332187024,66.09
1393332787124,65.86
1393333387244,65.75
1393333987345,65.64
1393334587429,65.53
1393335187527,65.30
1393335787567,65.19
1393336387644,65.08
1393336987767,64.96
1393337587857,64.74
1393338187967,64.74
1393338788064,64.51
1393339388127,64.51
1393339988227,64.40
1393340588328,64.29
1393341188424,64.29
1393341788528,64.29
1393342388617,64.18
1393342988725,64.29
1393343588817,64.29
1393344188927,64.40
1393344789027,64.63
1393345389144,64.63
1393345989214,64.85
1393346589317,65.08
1393347189427,65.30
1393347789527,65.75
1393348389627,66.54
1393348989724,67.10
1393349589844,67.10
1393350189924,67.33
1393350790027,68.00
1393351390104,68.79
1393351990207,68.79
1393352590298,68.56
1393353190384,68.68
1393353790487,68.34
1393354390588,67.89
1393354990685,67.78
1393355590767,68.11
1393356190864,68.56
1393356790967,69.01
1393357391067,68.90
1393357991167,70.03
1393358591270,70.14
1393359191367,70.81
1393359791466,71.15
1393360391568,71.49
1393360991707,71.15
1393361591767,69.91
1393362191867,71.04
1393362791954,70.93
1393363392057,70.70
1393363992146,70.59
1393364592258,70.14
1393365192348,70.59
1393365792447,69.80
1393366392544,69.35
1393366992647,69.35
1393367592738,69.01
1393368192847,68.79
1393368792948,68.56
1393369476877,68.45
1393369526807,68.34
1393369617041,68.34
1393369666950,68.34
1393369842359,68.34
1393369892278,68.22
1393369988418,68.34
1393370038328,68.22
1393370088354,68.22
1393370138408,68.22
1393370188447,68.22
1393370238484,68.22
1393370352728,68.11
1393370952707,67.89
1393371204976,67.89
1393371264733,67.89
1393371448561,67.89
1393371749502,67.89
1393372188543,67.89
1393372291261,68.00
1393372891235,67.78
1393373491324,68.11
1393374091424,69.58
1393374691504,68.22
1393375291624,67.66
1393375891717,68.45
1393376491824,69.01
1393377091927,67.78
1393377691954,67.78
1393378292054,69.46
1393378892147,67.66
1393379492247,67.33
1393380092336,69.46
1393380692444,67.55
1393381292537,67.78
1393381892647,68.45
1393382492747,66.99
1393383092848,68.34
1393383692934,67.89
1393384293015,66.88
1393384893127,68.79
1393385493227,67.21
1393386093344,67.78
1393386693427,68.00
1393387293528,66.76
1393387893624,68.79
1393388493728,67.21
1393389093824,67.21
1393389693926,68.22
1393390294027,66.76
1393390894127,70.25
1393391494225,69.01
1393392094336,69.13
1393392694425,69.13
1393393294524,69.13
1393393894624,69.13
1393394494707,69.13
1393395094827,69.13
1393395694928,69.24
1393396295004,69.35
1393396895127,69.35
1393397495228,69.46
1393398095324,69.46
1393398695424,69.58
1393399295517,69.58
1393399895653,69.69
1393400495724,69.80
1393401095827,69.80
1393401695927,69.80
1393402296004,69.80
1393402896107,69.80
1393403496226,69.69
1393404096327,69.69
1393404696416,69.69
1393405296527,69.58
1393405896657,69.58
1393406496729,69.46
1393407096828,69.46
1393407696927,69.35
1393408297024,69.35
1393408897127,69.24
1393409497227,69.24
1393410097328,69.13
1393410697414,69.13
1393411297530,69.01
1393411897627,69.13
1393412497727,69.01
1393413097847,69.01
1393413697920,69.01
1393414298028,69.13
1393414898117,69.01
1393415498227,69.01
1393416098350,69.01
1393416698427,69.01
1393417298517,69.01
1393417898627,69.01
1393418498725,69.01
1393419098824,69.01
1393419698925,69.01
1393420299024,69.01
1393420899126,69.01
1393421499217,69.01
1393422099338,69.01
1393422699424,69.01
1393423299524,69.01
1393423899628,-3617.39
1393424499710,69.01
1393425099807,69.13
1393425699887,69.01
1393426299957,69.13
1393426900064,69.01
1393427500138,69.01
1393428100207,69.13
1393428700287,69.01
1393429300387,69.01
1393429900487,69.13
1393430500577,69.13
1393431100687,69.13
1393431700788,69.13
1393432300887,69.13
1393432900984,69.13
1393433501087,69.13
1393434101187,69.13
1393434701274,69.13
1393435301387,69.13
1393435901529,69.24
1393436501565,69.24
1393437101664,69.24
1393437701764,69.24
1393438301867,69.24
1393438901967,69.24
1393439502067,69.24
1393440102167,69.13
1393440702267,69.13
1393441302607,69.01
1393441902468,69.01
1393442502567,69.01
1393443102664,68.90
1393443702764,68.90
1393444302867,68.90
1393444902967,68.90
1393445503070,68.90
1393446103146,68.90
1393446703268,68.90
1393447303364,68.90
1393447903464,68.79
1393448503567,68.79
1393454189604,69.46
1393454789568,69.46
1393455389647,69.58
1393455989749,69.91
1393456589835,70.03
1393457189947,70.25
1393457789976,70.36
1393458390087,70.59
1393458990178,70.70
1393459590284,70.81
1393460190378,71.04
1393460790484,71.15
1393461390584,71.04
1393461990686,71.26
1393462590790,71.26
1393463190884,71.26
1393463790988,71.26
1393464391088,71.38
1393464991184,71.60
1393465591284,71.60
1393466191377,71.60
1393466791534,71.71
1393467391585,71.83
1393467991688,72.05
1393468591785,72.28
1393469191885,72.39
1393469791985,72.28
1393470392077,72.28
1393470992204,72.39
1393471592284,72.50
1393472192416,72.72
1393472792477,72.61
1393473392587,72.61
1393473992685,72.61
1393474592765,72.72
1393475192884,72.84
1393475792977,72.84
1393476415228,72.84
1393476415436,72.84
1393476415479,72.84
1393476415680,72.84
1393476415724,72.84
1393476415781,72.84
1393476415989,72.84
1393476416023,72.84
1393476416090,72.84
1393476416251,72.84
1393476416294,72.84
1393476416347,72.84
1393476416403,72.84
1393476416529,72.84
1393476416781,72.84
1393492537693,72.39
1393493137669,72.28
1393493737757,72.16
1393494337864,72.16
1393494937957,72.16
1393495538060,72.05
1393496138154,72.05
1393496738258,-3636.06
1393501991529,70.36
1393502291474,70.47
1393502591573,70.47
1393502891672,70.59
1393503191772,70.70
1393503491876,70.70
1393503791972,70.81
1393504092055,70.81
1393504392166,70.93
1393504692214,70.93
1393504992332,71.04
1393505292443,71.04
1393505592515,71.15
1393505892626,71.15
1393506192713,71.26
1393506492816,71.26
1393749759226,70.81
1393750024521,70.93
1393750084194,71.04
1393750144277,71.04
1393750204303,71.04
1393750264346,71.04
1393750324413,71.15
1393750384426,71.15
1393750444456,71.15
1393750504513,71.26
1393750564553,71.26
1393750624604,71.26
1393750684656,71.38
1393750744695,71.38
1393750804753,71.49
1393750864796,71.49
1393750924856,71.49
1393750984874,71.60
1393751044916,71.49
1393751104952,71.60
1393751164996,71.71
1393751225043,71.71
1393751285093,71.71
1393751345152,71.83
1393751405175,71.83
1393751465216,71.83
1393751525256,71.83
1393751585293,71.94
1393751645348,71.94
1393751705386,72.05
1393751765432,72.05
1393751825513,72.05
1393751885546,72.05
1393751945586,72.16
1393752005643,72.16
1393752065696,72.16
1393752125726,72.16
1393752185766,72.28
1393752245836,72.16
1393752305876,72.28
1393752365915,72.28
1393752425957,72.39
1393752486003,72.39
1393752546056,72.39
1393752606093,72.50
1393752666135,72.50
1393752726175,72.50
1393752786216,72.50
1393752846256,72.50
1393752906293,72.50
1393752966326,72.61
1393753026366,72.61
1393753086406,72.61
1393753146465,72.61
1393753206506,72.61
1393753266576,72.61
1393753326636,72.61
1393753386656,72.61
1393753446695,72.61
1393753506755,72.61
1393753566773,72.61
1393753626832,72.61
1393753686865,72.61
1393753746913,72.61
1393753806963,72.61
1393753867013,72.61
1393753927064,72.61
1393753987116,72.61
1393754047136,72.61
1393754107196,72.61
1393754167307,72.61
1393754227293,72.61
1393754287336,72.61
1393754347398,72.61
1393754407466,72.61
1393754467478,72.61
1393754527516,72.61
1393754587534,72.61
1393754887705,72.61
1393755187736,72.50
1393755487836,72.50
1393755787936,72.50
1393756088017,72.50
1393756388113,72.39
1393756688155,72.28
1393756988252,72.16
1393757288368,72.28
1393757588452,72.16
1393757888553,72.16
1393758188675,72.05
1393758488755,71.94
1393758788853,71.94
1393759088953,71.83
1393759389046,71.83
1393759689153,71.71
1393759989252,71.71
1393760289356,71.60
1393760589456,71.60
1393760889553,71.49
1393761189656,71.38
1393761489773,71.38
1393761789855,71.26
1393762089956,71.15
1393762390072,71.15
1393762690153,71.04
1393762990256,71.04
03-02 04:26:16,70.93
03-02 04:31:16,70.93
03-02 04:36:16,70.81
03-02 04:41:16,70.81
03-02 04:46:17,70.93
1393842194882,65.86
1393842349569,65.86
1393842737256,65.97
1393842741946,65.97
1393842746936,65.97
1393842751933,65.97
1393842756935,65.97
1393843030997,65.97
1393843035344,66.09
1393843040272,65.97
1393843045276,66.09
1393843050275,66.09
1393843055273,66.09
1393843060275,66.09
1393843065276,66.09
1393843070272,66.09
1393843075275,66.09
1393843086026,66.09
1393843090713,66.09
1393843095726,66.09
1393843100707,66.09
1393843105726,66.09
1393843110716,66.09
1393843115712,66.09
1393843120715,66.09
1393843125712,66.09
1393843130725,66.09
1393843135723,66.09
1393843140726,66.09
1393843145723,66.09
1393843150723,66.09
1393843155732,66.09
1393843160732,66.09
1393843165736,66.09
1393843170732,66.09
1393843175732,66.09
1393843180743,66.09
1393843185746,66.09
1393843190732,66.09
1393843195736,66.09
1393843200808,66.09
1393843205765,66.09
1393843210814,66.09
1393843215831,66.09
1393843220746,66.09
1393843225752,66.09
1393843230755,66.09
1393843235755,66.09
1393843240766,66.09
1393843245755,66.09
1393843250752,66.09
1393843255756,66.09
1393843260755,66.09
1393843265753,66.20
1393843270783,66.09
1393843275752,66.09
1393843280766,66.09
1393843285766,66.09
1393843290763,66.20
1393843295766,66.20
1393843300763,66.09
1393843305772,66.09
1393843310792,66.09
1393843315772,66.09
1393843320772,66.20
1393843325776,66.09
1393843330786,66.20
1393843335786,66.20
1393843340805,66.09
1393843345803,66.09
1393843350775,66.09
1393843355782,66.09
1393843360794,66.20
1393843365792,66.09
1393843370796,66.20
1393843375795,66.20
1393843380795,66.20
1393843385795,66.20
1393843390792,66.20
1393843395792,66.20
1393843400806,66.09
1393843405803,66.09
1393843410807,66.20
1393843415802,66.20
1393843420806,66.20
1393843425812,66.20
1393843430815,66.20
1393843435812,66.20
1393843440815,66.20
1393843445817,66.20
1393843450812,66.20
1393843455815,66.20
1393843460824,66.20
1393843465846,66.20
1393843470884,66.20
1393843515369,66.20
1393843519783,66.20
1393843524755,66.20
1393843529703,66.20
1393843534722,66.20
1393843539706,66.20
1393843544702,66.20
1393843549712,66.20
1393843554703,66.20
1393843559715,66.20
1393843709803,66.20
1393843714516,66.20
1393843719475,66.20
1393844559626,66.54
1393844563937,66.54
1393844568926,66.54
1393844573866,66.54
1393844578863,66.54
1393844583866,66.54
1393844588872,66.54
1393844715283,66.54
1393844719976,66.54
1393844926767,66.65
1393845060079,66.65
1393845064496,66.65
1393845069492,66.65
1393845198467,66.65
1393845203025,66.65
1393845207994,66.65
1393845213003,66.65
1393845217993,66.65
1393845223012,66.76
1393845227985,66.65
1393845244566,66.65
1393845249276,66.65
1393845254243,66.76
1393845259253,66.65
1393850196414,66.65
1393850200774,68.00
1393850205695,68.11
1393850210747,68.00
1393850215695,68.00
1393850220693,68.11
1393850225706,68.00
1393850230702,68.00
1393850235723,68.00
1393850240703,68.11
1393850245715,68.00
1393850250707,68.00
1393850255712,68.11
1393850260715,68.00
1393850265714,68.11
1393850270712,68.11
1393850275716,68.11
1393850280716,68.11
1393850285712,68.11
1393850290716,68.11
1393850295723,68.11
1393850300716,68.11
1393850305723,68.11
1393850310725,68.11
1393850315732,68.11
1393850320737,68.11
1393850325733,68.11
1393850330731,68.11
1393850335739,68.11
1393850340736,68.11
1393850345732,68.11
1393850350752,68.11
1393850355756,68.11
1393850360763,68.11
1393850365746,68.00
1393850370757,68.11
1393850375746,68.11
1393850380752,68.11
1393850385755,68.11
1393850390753,68.11
1393850395752,68.11
1393850400756,68.11
1393850405752,68.11
1393850410766,68.11
1393850415762,68.11
1393850420775,68.11
1393850425765,68.11
1393850430778,68.11
1393850435765,68.11
1393850440775,68.11
1393850445763,68.11
1393850450766,68.11
1393850455763,68.11
1393850460766,68.11
1393850465772,68.11
1393850470776,68.11
1393850475783,68.11
1393850480794,68.22
1393850485776,68.11
1393850490773,68.11
1393850495775,68.11
1393850500772,68.11
1393850505786,68.11
1393850510807,68.11
1393850515777,68.22
1393850520794,68.11
1393850525782,68.22
1393850530793,68.11
1393850535782,68.22
1393850540795,68.11
1393850545793,68.11
1393850550792,68.11
1393850555785,68.22
1393850560792,68.11
1393850565796,68.11
1393850570795,68.11
1393850575783,68.22
1393850580804,68.11
1393850585803,68.22
1393850590803,68.22
1393850595807,68.22
1393850600804,68.11
1393850605805,68.22
1393850610814,68.22
1393850615812,68.22
1393850620818,68.11
1393850625813,68.22
1393850630814,68.22
1393850635826,68.22
1393850640812,68.22
1393850645825,68.22
1393850650825,68.22
1393850655825,68.11
1393850660825,68.22
1393850665823,68.22
1393850670832,68.22
1393850675822,68.22
1393850680852,68.22
1393850685833,68.22
1393850690836,68.22
1393850695825,68.22
1393850700836,68.22
1393850705836,68.22
1393850710832,68.22
1393850715846,68.22
1393850720824,68.22
1393850725845,68.22
1393850730843,68.22
1393850735845,68.22
1393850740843,68.22
1393850745845,68.22
1393850750852,68.22
1393850755855,68.22
1393850760852,68.22
1393850765875,68.22
1393850770855,68.22
1393850775853,68.22
1393850780855,68.22
1393850785863,68.22
1393850790897,68.22
1393850795863,68.22
1393850800916,68.22
1393850805895,68.22
1393850810863,68.22
1393850815878,68.22
1393850820872,68.22
1393850825872,68.22
1393850830876,68.34
1393850860885,68.22
1393850901901,68.22
1393850906557,68.22
1393850911563,68.22
1393850941585,68.22
1393850971576,68.34
1393851001603,68.34
1393851031632,68.22
1393851061643,68.34
1393851091663,68.34
1393851121739,68.34
1393851151705,68.34
1393851181725,68.34
1393851211736,68.34
1393851241766,68.34
1393851271795,68.34
1393851301825,68.34
1393851331823,68.45
1393851361853,68.45
1393851391890,68.45
1393851421905,68.45
1393852577506,68.79
1393852582176,68.79
1393852587143,68.90
1393852592148,68.79
1393852597152,68.79
1393852602173,68.79
1393852607175,68.79
1393852612155,68.79
1393852617163,68.90
1393852622180,68.90
1393852627183,68.90
1393852632186,68.90
1393852637166,68.90
1393852642163,68.90
1393852647163,68.90
1393852652172,68.90
1393852657176,68.90
1393852662175,68.90
1393852667173,68.90
1393852672175,68.90
1393852677206,68.90
1393852682172,68.79
1393852687183,68.90
1393852692172,68.90
1393852697186,68.90
1393852702183,68.90
1393852707203,68.90
1393852712186,68.90
1393852717183,68.90
1393852722192,68.90
1393852727205,68.90
1393852732196,68.90
1393852737193,68.90
1393852742196,68.90
1393852817217,68.90
1393852821908,68.90
1393852826903,68.90
1393852831932,68.90
1393852836912,68.90
1393852841912,68.90
1393852846922,68.90
1393852980735,69.01
1393853010726,69.01
1393853040776,69.01
1393853070766,69.01
1393853100793,69.01
1393853130803,69.01
1393853160833,69.01
1393853190843,69.01
1393853220863,69.01
1393853250886,69.01
1393853280916,69.13
1393853310917,69.13
1393853340945,69.13
1393853370972,69.13
1393853400984,69.13
1393853430996,69.13
1393853435992,69.13
1393853440995,69.13
1393853446026,69.13
1393853451005,69.13
1393853455986,69.13
1393853460992,69.13
1393853466005,69.13
1393853471003,69.24
1393853476003,69.13
1393853481015,69.13
1393853485995,69.13
1393853491003,69.13
1393853496036,69.24
1393853501015,69.13
1393853506012,69.13
1393853511013,69.13
1393853516016,69.13
1393853521012,69.24
1393853526015,69.13
1393853531006,69.13
1393853536026,69.24
1393853541088,69.13
1393853546026,69.24
1393853551032,69.13
1393853556053,69.24
1393853561032,69.13
1393853566045,69.24
1393853571043,69.24
1393853576065,69.24
1393853581046,69.24
1393853586065,69.24
1393853591065,69.24
1393853596063,69.13
1393853601076,69.24
1393853606073,69.24
1393853611075,69.24
1393853616076,69.24
