Date, LiquidTemp, TempOut, TempIn
1393267406009,70.03,69.44,69.1
1393268006103,69.58,67.28,68.9
1393268606203,69.46,66.92,68.5
1393269206306,70.03,66.56,69.1
1393269806426,69.69,66.20,68.9
1393271006673,70.03,66.92,69.1
1393272206803,71.26,67.64,70.2
1393274607202,70.93,69.44,70.2
1393275207306,70.25,69.08,69.6
1393278382548,70.14,67.64,69.4
1393278982637,69.13,66.92,68.7
1393280782948,69.58,66.74,68.7
1393281983150,69.13,66.38,68.5
1393283183314,69.01,66.38,68.5
1393283783429,70.03,66.38,69.1
1393284383524,69.24,66.38,68.7
1393285583686,69.35,66.38,68.9
1393286183787,69.35,66.38,68.5
1393286783797,69.58,66.38,68.9
1393287383884,68.90,66.20,68.4
1393287983984,69.69,66.20,68.9
1393289184177,69.80,66.20,69.1
1393289784284,68.79,66.02,68.4
1393290384407,69.69,66.20,68.7
1393290984477,68.79,66.02,68.4
1393291584557,69.46,66.02,68.5
1393292184664,68.79,65.84,68.4
1393292784744,69.24,65.84,68.4
1393293984945,68.90,65.48,68.2
1393294585037,69.01,65.48,68.4
1393296385297,68.34,65.12,67.8
1393297585497,68.90,65.48,68.2
1393298185594,69.24,65.66,68.7
1393299985884,70.59,69.26,70.3
1393300585987,70.93,69.98,70.9
1393301786207,71.60,71.24,71.6
1393302386307,71.94,71.60,72.1
1393303586427,72.39,73.04,72.7
1393304186524,72.72,73.04,72.9
1393304786607,72.95,73.22,73.2
1393305986827,73.51,73.94,73.8
1393306817120,73.74,74.30,73.9
1393306867029,73.74,74.48,73.9
1393308197311,74.41,74.84,74.7
1393308247215,74.30,74.84,74.5
1393308297268,74.30,75.20,74.7
1393308397337,74.41,75.20,74.7
1393308447377,74.41,75.20,74.7
1393309534397,74.75,75.74,75.0
1393309584447,74.75,75.74,75.0
1393309634485,74.86,75.74,75.0
1393309734557,74.86,75.74,75.2
1393309834634,74.97,75.74,75.2
1393309884677,74.86,75.92,75.2
1393309984764,74.97,75.92,75.2
1393310034808,74.97,75.74,75.2
1393310084850,74.97,75.92,75.2
1393310134887,74.97,75.92,75.2
1393310184917,74.97,75.92,75.2
1393310234954,74.97,75.92,75.4
1393310385075,75.09,75.92,75.4
1393310435127,75.09,76.10,75.4
1393311487385,75.43,76.10,75.7
1393311787448,75.43,76.28,75.7
1393311937565,75.43,76.10,75.7
1393312087647,75.54,76.28,75.7
1393312232389,75.54,76.28,75.7
1393312382348,75.54,76.46,75.9
1393312532464,75.54,76.46,75.9
1393312682554,75.43,76.46,75.7
1393312832667,75.31,76.46,75.7
1393313132864,75.20,76.28,75.6
1393313583157,74.86,76.10,75.2
1393313883294,74.08,75.38,74.5
1393314033407,73.63,74.84,74.1
1393314183497,73.40,74.30,73.8
1393314483695,72.95,73.58,73.2
1393314783904,72.61,72.86,72.7
1393314933997,72.39,72.50,72.5
1393315234227,72.16,72.14,72.1
1393315384245,71.94,71.96,71.8
1393315984347,71.60,71.78,71.4
1393316584437,71.15,71.60,70.9
1393317184547,70.93,71.06,70.5
1393317784647,70.70,70.52,70.3
1393318384747,70.36,69.98,70.0
1393318984844,70.14,69.80,69.6
1393319584947,69.91,69.44,69.4
1393320185027,69.58,69.08,68.9
1393320785124,69.35,68.54,68.7
1393321385227,69.13,68.18,68.4
1393321985318,68.90,67.82,68.2
1393323785628,68.34,67.10,67.8
1393324385725,68.11,66.92,67.5
1393324985824,67.89,66.74,67.3
1393325585927,67.78,66.38,67.1
1393326186024,67.55,66.20,66.9
1393326786124,67.44,66.02,66.7
1393327386227,67.33,65.84,66.6
1393327986327,67.10,65.84,66.4
1393329186527,66.65,65.30,66.0
1393330386767,66.43,64.94,65.7
1393330986827,66.31,64.76,65.7
1393331586926,66.09,64.58,65.5
1393332187024,66.09,64.40,65.3
1393332787124,65.86,64.40,65.3
1393335187527,65.30,63.68,64.6
1393335787567,65.19,63.68,64.4
1393336387644,65.08,63.50,64.4
1393338788064,64.51,62.96,63.9
1393339388127,64.51,62.78,63.7
1393339988227,64.40,62.78,63.7
1393341188424,64.29,62.78,63.5
1393342988725,64.29,62.60,63.5
1393343588817,64.29,62.60,63.5
1393344789027,64.63,62.60,63.7
1393346589317,65.08,62.78,64.2
1393347789527,65.75,63.14,64.8
1393348389627,66.54,63.32,65.5
1393349589844,67.10,64.40,66.2
1393350189924,67.33,65.30,66.7
1393351990207,68.79,67.28,68.2
1393352590298,68.56,68.00,68.0
1393353190384,68.68,68.00,68.0
1393353790487,68.34,68.00,67.8
1393354390588,67.89,68.00,67.6
1393354990685,67.78,68.00,67.3
1393355590767,68.11,67.64,67.5
1393356190864,68.56,67.10,68.0
1393356790967,69.01,67.10,68.4
1393357391067,68.90,67.82,68.4
1393358591270,70.14,68.54,69.4
1393359791466,71.15,69.80,70.3
1393360391568,71.49,71.42,70.7
1393362791954,70.93,68.90,70.5
1393363392057,70.70,69.98,70.3
1393363992146,70.59,69.98,70.3
1393364592258,70.14,69.80,70.0
1393365192348,70.59,69.62,70.2
1393365792447,69.80,69.26,69.6
1393366392544,69.35,69.44,68.9
1393366992647,69.35,68.54,68.7
1393367592738,69.01,68.18,68.4
1393368792948,68.56,67.64,68.0
1393369666950,68.34,66.92,67.6
1393369892278,68.22,66.92,67.6
1393369988418,68.34,66.74,67.5
1393370038328,68.22,66.74,67.5
1393370088354,68.22,66.74,67.5
1393370188447,68.22,66.74,67.5
1393370238484,68.22,66.74,67.5
1393370952707,67.89,66.74,67.3
1393371204976,67.89,66.56,67.1
1393371264733,67.89,66.38,67.1
1393371448561,67.89,66.38,67.1
1393371749502,67.89,66.38,67.1
1393372188543,67.89,66.38,67.1
1393372291261,68.00,66.38,67.1
1393372891235,67.78,66.38,67.1
1393373491324,68.11,66.38,66.9
1393374691504,68.22,66.02,67.3
1393375291624,67.66,66.20,66.9
1393375891717,68.45,66.02,66.7
1393377091927,67.78,65.48,66.7
1393377691954,67.78,65.84,66.6
1393378292054,69.46,65.48,67.3
1393378892147,67.66,65.30,66.6
1393379492247,67.33,65.30,66.2
1393380092336,69.46,65.12,66.9
1393381292537,67.78,64.94,66.2
1393381892647,68.45,64.76,66.6
1393383092848,68.34,64.58,66.4
1393383692934,67.89,64.40,66.4
1393384293015,66.88,64.22,65.8
1393384893127,68.79,64.40,66.6
1393385493227,67.21,64.04,66.0
1393386093344,67.78,64.04,66.0
1393386693427,68.00,64.04,66.2
1393387293528,66.76,63.68,65.7
1393387893624,68.79,64.04,66.6
1393388493728,67.21,63.68,66.2
1393389093824,67.21,63.86,65.8
1393389693926,68.22,64.04,66.6
1393390294027,66.76,64.04,65.8
1393390894127,70.25,64.22,66.7
1393391494225,69.01,64.04,69.1
1393392694425,69.13,68.18,70.0
1393393294524,69.13,69.80,70.2
1393393894624,69.13,70.34,70.5
1393394494707,69.13,70.88,70.5
1393395094827,69.13,71.24,70.5
1393395694928,69.24,70.88,70.7
1393397495228,69.46,71.60,71.4
1393400495724,69.80,71.60,71.6
1393401095827,69.80,71.78,71.1
1393402896107,69.80,68.72,68.9
1393404096327,69.69,67.28,68.2
1393405296527,69.58,66.56,67.6
1393406496729,69.46,66.02,67.1
1393407096828,69.46,65.84,66.9
1393407696927,69.35,65.48,66.9
1393408297024,69.35,65.30,66.7
1393408897127,69.24,65.30,66.7
1393409497227,69.24,65.30,66.7
1393410097328,69.13,64.94,66.6
1393410697414,69.13,64.94,66.6
1393411297530,69.01,64.76,66.6
1393413097847,69.01,64.40,66.2
1393414298028,69.13,64.40,66.2
1393415498227,69.01,64.22,66.0
1393416098350,69.01,64.04,66.2
1393416698427,69.01,64.04,66.0
1393417898627,69.01,63.68,66.0
1393418498725,69.01,63.68,66.0
1393419098824,69.01,63.50,65.8
1393419698925,69.01,63.50,66.0
1393420899126,69.01,63.32,65.7
1393422699424,69.01,62.96,65.7
1393423299524,69.01,62.96,65.3
1393423899628,69.01,62.96,65.5
1393424499710,69.01,62.96,65.3
1393425099807,69.13,62.78,65.3
1393428100207,69.13,62.42,64.9
1393428700287,69.01,62.24,65.1
1393430500577,69.13,61.88,64.9
1393431100687,69.13,61.88,64.9
1393432900984,69.13,61.88,64.9
1393434101187,69.13,61.88,64.9
1393434701274,69.13,61.88,64.9
1393435301387,69.13,61.88,64.9
1393435901529,69.24,61.88,65.5
1393436501565,69.24,62.42,65.1
1393437101664,69.24,62.60,65.8
1393437701764,69.24,62.42,66.0
1393438301867,69.24,63.50,65.8
1393439502067,69.24,63.50,66.0
1393440102167,69.13,64.04,66.0
1393441302607,69.01,64.58,66.0
1393441902468,69.01,64.04,66.0
1393442502567,69.01,63.50,66.2
1393454189604,69.46,66.56,66.7
1393454789568,69.46,67.64,66.9
1393455389647,69.58,65.66,67.5
1393455989749,69.91,65.30,66.9
1393457189947,70.25,64.94,66.9
1393457789976,70.36,64.76,67.3
1393458390087,70.59,64.58,66.7
1393458990178,70.70,64.22,66.2
1393459590284,70.81,64.04,66.7
1393460190378,71.04,63.86,67.1
1393460790484,71.15,64.04,66.4
1393461390584,71.04,63.86,66.9
1393461990686,71.26,63.68,67.5
1393463190884,71.26,64.76,66.6
1393463790988,71.26,64.76,66.9
1393464391088,71.38,64.40,67.1
1393464991184,71.60,64.04,66.4
1393465591284,71.60,63.68,66.2
1393466191377,71.60,63.50,66.6
1393466791534,71.71,63.32,66.7
1393467391585,71.83,63.14,66.9
1393467991688,72.05,63.14,66.9
1393468591785,72.28,63.14,67.1
1393469791985,72.28,62.96,66.0
1393470392077,72.28,62.78,66.6
1393470992204,72.39,62.78,66.7
1393471592284,72.50,62.78,66.9
1393472192416,72.72,62.78,66.9
1393472792477,72.61,62.78,66.0
1393473392587,72.61,62.78,66.2
1393473992685,72.61,62.60,66.6
1393474592765,72.72,62.60,66.9
1393475192884,72.84,62.60,66.9
1393475792977,72.84,62.60,66.2
1393494337864,72.16,70.70,70.7
1393494937957,72.16,70.88,70.9
1393495538060,72.05,71.24,71.2
1393496138154,72.05,71.60,71.4
1393501991529,70.36,72.68,73.9
1393502291474,70.47,72.68,73.9
1393502591573,70.47,74.12,74.1
1393502891672,70.59,74.30,74.3
1393503791972,70.81,74.84,74.7
1393504092055,70.81,74.84,74.8
1393504392166,70.93,74.84,74.8
1393505292443,71.04,75.02,74.8
1393505592515,71.15,75.20,74.8
1393506192713,71.26,74.84,74.8
1393506492816,71.26,74.84,74.8
1393749759226,70.81,73.04
1393750024521,70.93,73.04
1393750084194,71.04,73.04
1393750144277,71.04,73.04
1393750204303,71.04,73.04
1393750264346,71.04,73.04
1393750324413,71.15,73.04
1393750384426,71.15,73.04
1393750444456,71.15,73.04
1393750504513,71.26,73.22
1393750564553,71.26,73.22
1393750624604,71.26,73.04
1393750684656,71.38,73.04
1393750744695,71.38,73.04
1393750804753,71.49,73.04
1393750864796,71.49,73.04
1393750924856,71.49,73.04
1393750984874,71.60,73.04
1393751044916,71.49,73.04
1393751104952,71.60,73.04
1393751164996,71.71,73.04
1393751225043,71.71,73.04
1393751285093,71.71,72.86
1393751345152,71.83,72.86
1393751405175,71.83,72.86
1393751465216,71.83,72.86
1393751525256,71.83,72.86
1393751585293,71.94,72.68
1393751645348,71.94,72.68
1393751705386,72.05,72.68
1393751765432,72.05,72.68
1393751825513,72.05,72.68
1393751885546,72.05,72.68
1393751945586,72.16,72.68
1393752005643,72.16,72.68
1393752065696,72.16,72.68
1393752125726,72.16,72.68
1393752185766,72.28,72.68
1393752245836,72.16,72.68
1393752305876,72.28,72.68
1393752365915,72.28,72.68
1393752425957,72.39,72.50
1393752486003,72.39,72.32
1393752546056,72.39,72.14
1393752606093,72.50,71.96
1393752666135,72.50,71.78
1393752726175,72.50,71.60
1393752786216,72.50,71.60
1393752846256,72.50,71.24
1393752906293,72.50,71.24
1393752966326,72.61,71.06
1393753026366,72.61,70.88
1393753086406,72.61,70.70
1393753146465,72.61,70.70
1393753206506,72.61,70.70
1393753266576,72.61,70.52
1393753326636,72.61,70.52
1393753386656,72.61,70.34
1393753446695,72.61,70.34
1393753506755,72.61,70.34
1393753566773,72.61,70.16
1393753626832,72.61,69.98
1393753686865,72.61,69.98
1393753746913,72.61,69.98
1393753806963,72.61,69.98
1393753867013,72.61,69.98
1393753927064,72.61,69.98
1393753987116,72.61,69.80
1393754047136,72.61,69.80
1393754107196,72.61,69.80
1393754167307,72.61,69.80
1393754227293,72.61,69.80
1393754287336,72.61,69.62
1393754347398,72.61,69.62
1393754407466,72.61,69.62
1393754467478,72.61,69.44
1393754527516,72.61,69.44
1393754587534,72.61,69.44
1393754887705,72.61,69.44
1393755187736,72.50,69.44
1393755487836,72.50,69.26
1393755787936,72.50,69.08
1393756088017,72.50,68.90
1393756388113,72.39,68.90
1393756688155,72.28,68.72
1393756988252,72.16,68.72
1393757288368,72.28,68.54
1393757588452,72.16,68.54
1393757888553,72.16,68.36
1393758188675,72.05,68.18
1393758488755,71.94,68.18
1393758788853,71.94,68.18
1393759088953,71.83,68.00
1393759389046,71.83,68.00
1393759689153,71.71,68.00
1393759989252,71.71,67.82
1393760289356,71.60,67.64
1393760589456,71.60,67.64
1393760889553,71.49,67.64
1393761189656,71.38,67.64
1393761489773,71.38,67.46
1393761789855,71.26,67.28
1393762089956,71.15,67.28
1393762390072,71.15,67.10
1393762690153,71.04,67.10
1393762990256,71.04,66.92
03-02 04:26:16,70.93,66.74
03-02 04:31:16,70.93,66.74
03-02 04:36:16,70.81,66.74
03-02 04:41:16,70.81,67.46
03-02 04:46:17,70.93,67.82
1393842194882,65.86,64.04
1393842349569,65.86,65.84
1393842737256,65.97,65.84
1393842741946,65.97,65.84
1393842746936,65.97,66.20
1393842751933,65.97,66.20
1393842756935,65.97,66.20
1393843030997,65.97,66.20
1393843035344,66.09,66.20
1393843040272,65.97,66.20
1393843045276,66.09,66.20
1393843050275,66.09,66.20
1393843055273,66.09,66.20
1393843060275,66.09,66.20
1393843065276,66.09,66.20
1393843070272,66.09,66.20
1393843075275,66.09,66.20
1393843086026,66.09,66.20
1393843090713,66.09,66.20
1393843095726,66.09,66.20
1393843100707,66.09,66.20
1393843105726,66.09,66.20
1393843110716,66.09,66.20
1393843115712,66.09,66.20
1393843120715,66.09,66.20
1393843125712,66.09,66.20
1393843130725,66.09,66.20
1393843135723,66.09,66.20
1393843140726,66.09,66.38
1393843145723,66.09,66.20
1393843150723,66.09,66.20
1393843155732,66.09,66.38
1393843160732,66.09,66.20
1393843165736,66.09,66.20
1393843170732,66.09,66.20
1393843175732,66.09,66.20
1393843180743,66.09,66.38
1393843185746,66.09,66.20
1393843190732,66.09,66.38
1393843195736,66.09,66.38
1393843200808,66.09,66.20
1393843205765,66.09,66.20
1393843210814,66.09,66.38
1393843215831,66.09,66.20
1393843220746,66.09,66.20
1393843225752,66.09,66.38
1393843230755,66.09,66.38
1393843235755,66.09,66.38
1393843240766,66.09,66.38
1393843245755,66.09,66.38
1393843250752,66.09,66.38
1393843255756,66.09,66.38
1393843260755,66.09,66.38
1393843265753,66.20,66.38
1393843270783,66.09,66.38
1393843275752,66.09,66.38
1393843280766,66.09,66.38
1393843285766,66.09,66.38
1393843290763,66.20,66.38
1393843295766,66.20,66.38
1393843300763,66.09,66.38
1393843305772,66.09,66.38
1393843310792,66.09,66.38
1393843315772,66.09,66.38
1393843320772,66.20,66.38
1393843325776,66.09,66.38
1393843330786,66.20,66.38
1393843335786,66.20,66.38
1393843340805,66.09,66.38
1393843345803,66.09,66.38
1393843350775,66.09,66.38
1393843355782,66.09,66.38
1393843360794,66.20,66.38
1393843365792,66.09,66.38
1393843370796,66.20,66.38
1393843375795,66.20,66.38
1393843380795,66.20,66.38
1393843385795,66.20,66.38
1393843390792,66.20,66.38
1393843395792,66.20,66.38
1393843400806,66.09,66.38
1393843405803,66.09,66.38
1393843410807,66.20,66.38
1393843415802,66.20,66.38
1393843420806,66.20,66.38
1393843425812,66.20,66.38
1393843430815,66.20,66.38
1393843435812,66.20,66.38
1393843440815,66.20,66.38
1393843445817,66.20,66.38
1393843450812,66.20,66.38
1393843455815,66.20,66.38
1393843460824,66.20,66.38
1393843465846,66.20,66.38
1393843470884,66.20,66.38
1393843515369,66.20,66.38
1393843519783,66.20,66.38
1393843524755,66.20,66.38
1393843529703,66.20,66.38
1393843534722,66.20,66.38
1393843539706,66.20,66.38
1393843544702,66.20,66.38
1393843549712,66.20,66.38
1393843554703,66.20,66.38
1393843559715,66.20,66.38
1393843709803,66.20,66.38
1393843714516,66.20,66.38
1393843719475,66.20,66.38
1393844559626,66.54,66.38
1393844563937,66.54,66.38
1393844568926,66.54,66.74
1393844573866,66.54,66.74
1393844578863,66.54,66.74
1393844583866,66.54,66.74
1393844588872,66.54,66.74
1393844715283,66.54,66.74
1393844719976,66.54,66.74
1393844926767,66.65,66.74
1393845060079,66.65,66.74
1393845064496,66.65,66.74
1393845069492,66.65,66.74
1393845198467,66.65,66.74
1393845203025,66.65,66.74
1393845207994,66.65,66.74
1393845213003,66.65,66.74
1393845217993,66.65,66.74
1393845223012,66.76,66.92
1393845244566,66.65,66.92
1393845249276,66.65,66.92
1393845254243,66.76,66.92
1393845259253,66.65,66.92
1393850196414,66.65,66.92
1393850200774,68.00,66.92
1393850205695,68.11,68.18
1393850210747,68.00,68.18
1393850215695,68.00,68.18
1393850220693,68.11,68.18
1393850225706,68.00,68.18
1393850230702,68.00,68.18
1393850235723,68.00,68.18
1393850240703,68.11,68.18
1393850245715,68.00,68.18
1393850250707,68.00,68.18
1393850255712,68.11,68.18
1393850260715,68.00,68.18
1393850265714,68.11,68.18
1393850270712,68.11,68.18
1393850275716,68.11,68.18
1393850280716,68.11,68.18
1393850285712,68.11,68.18
1393850290716,68.11,68.18
1393850295723,68.11,68.18
1393850300716,68.11,68.18
1393850305723,68.11,68.18
1393850310725,68.11,68.18
1393850315732,68.11,68.18
1393850320737,68.11,68.18
1393850325733,68.11,68.18
1393850330731,68.11,68.36
1393850335739,68.11,68.18
1393850340736,68.11,68.18
1393850345732,68.11,68.18
1393850350752,68.11,68.18
1393850355756,68.11,68.36
1393850360763,68.11,68.18
1393850365746,68.00,68.18
1393850370757,68.11,68.18
1393850375746,68.11,68.18
1393850380752,68.11,68.36
1393850385755,68.11,68.18
1393850390753,68.11,68.36
1393850395752,68.11,68.36
1393850400756,68.11,68.36
1393850405752,68.11,68.36
1393850410766,68.11,68.36
1393850415762,68.11,68.36
1393850420775,68.11,68.36
1393850425765,68.11,68.36
1393850430778,68.11,68.36
1393850435765,68.11,68.36
1393850440775,68.11,68.36
1393850445763,68.11,68.36
1393850450766,68.11,68.36
1393850455763,68.11,68.36
1393850460766,68.11,68.36
1393850465772,68.11,68.36
1393850470776,68.11,68.36
1393850475783,68.11,68.36
1393850480794,68.22,68.36
1393850485776,68.11,68.36
1393850490773,68.11,68.36
1393850495775,68.11,68.36
1393850500772,68.11,68.36
1393850505786,68.11,68.36
1393850510807,68.11,68.36
1393850515777,68.22,68.36
1393850520794,68.11,68.36
1393850525782,68.22,68.36
1393850530793,68.11,68.36
1393850535782,68.22,68.36
1393850540795,68.11,68.36
1393850545793,68.11,68.36
1393850550792,68.11,68.36
1393850555785,68.22,68.36
1393850560792,68.11,68.36
1393850565796,68.11,68.36
1393850570795,68.11,68.54
1393850575783,68.22,68.36
1393850580804,68.11,68.36
1393850585803,68.22,68.36
1393850590803,68.22,68.36
1393850595807,68.22,68.36
1393850600804,68.11,68.54
1393850605805,68.22,68.36
1393850610814,68.22,68.54
1393850615812,68.22,68.54
1393850620818,68.11,68.36
1393850625813,68.22,68.54
1393850630814,68.22,68.54
1393850635826,68.22,68.54
1393850640812,68.22,68.54
1393850645825,68.22,68.54
1393850650825,68.22,68.54
1393850655825,68.11,68.54
1393850660825,68.22,68.54
1393850665823,68.22,68.54
1393850670832,68.22,68.54
1393850675822,68.22,68.54
1393850680852,68.22,68.54
1393850685833,68.22,68.54
1393850690836,68.22,68.54
1393850695825,68.22,68.54
1393850700836,68.22,68.54
1393850705836,68.22,68.54
1393850710832,68.22,68.54
1393850715846,68.22,68.54
1393850720824,68.22,68.54
1393850725845,68.22,68.54
1393850730843,68.22,68.54
1393850735845,68.22,68.54
1393850740843,68.22,68.54
1393850745845,68.22,68.54
1393850750852,68.22,68.54
1393850755855,68.22,68.54
1393850760852,68.22,68.54
1393850765875,68.22,68.54
1393850770855,68.22,68.54
1393850775853,68.22,68.54
1393850780855,68.22,68.54
1393850785863,68.22,68.54
1393850790897,68.22,68.54
1393850795863,68.22,68.54
1393850800916,68.22,68.54
1393850805895,68.22,68.54
1393850810863,68.22,68.54
1393850815878,68.22,68.54
1393850820872,68.22,68.54
1393850825872,68.22,68.54
1393850830876,68.34,68.54
1393850860885,68.22,68.54
1393850901901,68.22,68.54
1393850906557,68.22,68.54
1393850911563,68.22,68.54
1393850941585,68.22,68.54
1393850971576,68.34,68.54
1393851001603,68.34,68.54
1393851031632,68.22,68.54
1393851061643,68.34,68.54
1393851091663,68.34,68.54
1393851121739,68.34,68.54
1393851151705,68.34,68.54
1393851181725,68.34,68.54
1393851211736,68.34,68.54
1393851241766,68.34,68.54
1393851271795,68.34,68.54
1393851301825,68.34,68.54
1393851331823,68.45,68.54
1393851361853,68.45,68.54
1393851391890,68.45,68.54
1393851421905,68.45,68.54
1393852577506,68.79,68.54
1393852582176,68.79,68.54
1393852587143,68.90,69.08
1393852592148,68.79,69.08
1393852597152,68.79,69.08
1393852602173,68.79,69.08
1393852607175,68.79,69.08
1393852612155,68.79,69.08
1393852617163,68.90,69.08
1393852622180,68.90,69.08
1393852627183,68.90,69.08
1393852632186,68.90,NaN
1393852637166,68.90,69.08
1393852642163,68.90,69.08
1393852647163,68.90,69.08
1393852652172,68.90,69.08
1393852657176,68.90,69.08
1393852662175,68.90,69.08
1393852667173,68.90,69.08
1393852672175,68.90,69.08
1393852677206,68.90,69.08
1393852682172,68.79,69.08
1393852687183,68.90,69.08
1393852692172,68.90,69.08
1393852697186,68.90,69.08
1393852702183,68.90,69.08
1393852707203,68.90,69.08
1393852712186,68.90,69.08
1393852717183,68.90,69.08
1393852722192,68.90,69.08
1393852727205,68.90,69.08
1393852732196,68.90,69.08
1393852737193,68.90,69.08
1393852742196,68.90,69.26
1393852817217,68.90,69.08
1393852821908,68.90,69.08
1393852826903,68.90,69.08
1393852831932,68.90,69.08
1393852836912,68.90,69.08
1393852841912,68.90,69.08
1393852846922,68.90,69.08
1393852980735,69.01,69.26
1393853010726,69.01,69.26
1393853040776,69.01,69.08
1393853070766,69.01,69.08
1393853100793,69.01,69.26
1393853130803,69.01,69.08
1393853160833,69.01,69.26
1393853190843,69.01,69.26
1393853220863,69.01,69.26
1393853250886,69.01,69.26
1393853280916,69.13,69.26
1393853310917,69.13,69.26
1393853340945,69.13,69.44
1393853370972,69.13,69.26
1393853400984,69.13,69.44
1393853430996,69.13,69.26
1393853435992,69.13,69.26
1393853440995,69.13,69.44
1393853446026,69.13,69.44
1393853451005,69.13,69.44
1393853455986,69.13,69.44
1393853460992,69.13,69.44
1393853466005,69.13,69.44
1393853471003,69.24,69.44
1393853476003,69.13,69.44
1393853481015,69.13,69.44
1393853485995,69.13,69.44
1393853491003,69.13,69.44
1393853496036,69.24,69.44
1393853501015,69.13,69.44
1393853506012,69.13,69.44
1393853511013,69.13,69.44
1393853516016,69.13,69.44
1393853521012,69.24,69.44
1393853526015,69.13,69.44
1393853531006,69.13,69.44
1393853536026,69.24,69.44
1393853541088,69.13,69.44
1393853546026,69.24,69.44
1393853551032,69.13,69.44
1393853556053,69.24,69.44
1393853561032,69.13,69.44
1393853566045,69.24,69.44
1393853571043,69.24,69.44
1393853576065,69.24,69.44
1393853581046,69.24,69.44
1393853586065,69.24,69.44
1393853591065,69.24,69.44
1393853596063,69.13,69.44
1393853601076,69.24,69.44
1393853606073,69.24,69.44
1393853611075,69.24,69.44
1393853616076,69.24,69.44
1393856389127,70.14,69.44
1393856393234,70.14,69.44
1393856398163,70.14,70.16
1393856403166,70.14,70.16
1393856408163,70.14,70.16
1393856413176,70.14,70.16
1393856418172,70.14,70.34
1393856423163,70.14,70.34
1393856428176,70.14,70.34
1393856433173,70.25,70.34
1393856438176,70.14,70.34
1393860049256,70.59,69.80
1393860053924,70.59,69.98
1393860058912,70.59,69.80
1394259025373,74.19,71.24
1394259030118,74.19,71.24
1394259035138,74.19,71.06
1394259040148,74.19,71.06
1394259045211,74.19,71.06
1394259050138,74.19,71.06
1394259055147,74.19,71.24
1394259060148,74.19,71.06
1394259065148,74.08,71.06
1394259127679,74.08,71.06
1394259132129,74.08,71.06
1394259137118,74.08,71.06
1394259142128,74.08,71.06
1394259147128,74.19,71.06
1394259152129,74.08,71.06
1394259157139,74.08,71.06
1394259234466,74.08,71.24
1394259238942,74.08,71.06
1394259243888,74.08,71.06
1394259248888,74.08,71.06
1394259253887,74.08,71.06
1394259258888,74.08,71.06
1394259263898,74.08,71.06
1394259448763,73.96,71.06
1394259453508,74.08,71.06
1394259623018,73.96,70.88
1394259628018,73.96,71.06
1394259633028,73.96,70.88
1394259638017,73.96,70.88
1394259643028,74.08,70.88
1394259648028,73.96,70.88
1394259653028,73.96,71.06
1394259658058,73.96,70.88
1394259663048,73.96,71.06
1394259668038,73.96,71.06
1394259673039,73.96,71.06
1394259678038,73.96,71.06
1394259683058,73.96,71.06
1394259713068,73.96,71.06
1394259743088,73.96,71.06
1394259773068,73.96,70.88
1394259803078,73.96,70.88
1394260011878,73.85,70.88
1394260016878,73.96,70.88
1394260021868,73.96,70.88
1394260044878,73.85,70.88
1394260049888,73.96,70.88
